/*--------------------------------*- C++ -*----------------------------------*\
| =========                 |                                                 |
| \\      /  F ield         | OpenFOAM: The Open Source CFD Toolbox           |
|  \\    /   O peration     | Version:  v2106                                 |
|   \\  /    A nd           | Website:  www.openfoam.com                      |
|    \\/     M anipulation  |                                                 |
\*---------------------------------------------------------------------------*/
FoamFile
{
    version     2.0;
    format      ascii;
    arch        "LSB;label=32;scalar=64";
    class       faceSet;
    location    "constant/polyMesh/sets";
    object      bottomPatch;
}
// * * * * * * * * * * * * * * * * * * * * * * * * * * * * * * * * * * * * * //


6408
(
1583777
1583778
1583779
1583781
1583782
1583783
1583784
1583786
1583787
1583790
1583791
1583792
1583793
1583796
1583797
1583798
1583800
1583801
1583802
1583803
1583804
1583805
1583807
1583808
1583809
1583810
1583813
1583815
1583816
1583818
1583820
1583821
1583822
1583823
1583825
1583826
1583828
1583830
1583832
1583834
1583836
1583837
1583838
1583839
1583840
1583841
1583843
1583844
1583845
1583846
1583847
1583849
1583850
1583851
1583852
1583854
1583855
1583857
1583859
1583861
1583862
1583863
1583866
1583867
1583868
1583869
1583872
1583873
1583874
1583876
1583877
1583880
1583882
1583883
1583884
1583887
1583888
1583889
1583891
1583892
1583893
1583894
1583895
1583896
1583897
1583899
1583900
1583901
1583902
1583903
1583904
1583905
1583907
1583908
1583909
1583910
1583911
1583913
1583914
1583915
1583917
1583919
1583920
1583921
1583922
1583924
1583925
1583927
1583928
1583931
1583932
1583933
1583934
1583937
1583938
1583939
1583940
1583943
1583944
1583945
1583946
1583949
1583950
1583951
1583953
1583954
1583957
1583958
1583959
1583961
1583962
1583963
1583964
1583965
1583966
1583967
1583969
1583970
1583971
1583972
1583973
1583975
1583976
1583977
1584232
1584233
1584235
1584236
1584237
1584239
1584240
1584241
1584243
1584244
1584246
1584247
1584248
1584249
1584250
1584251
1584253
1584254
1584255
1584257
1584258
1584259
1584260
1584261
1584263
1584264
1584265
1584266
1584267
1584268
1584269
1584270
1584272
1584273
1584274
1584275
1584276
1584278
1584279
1584280
1584282
1584283
1584284
1584286
1584287
1584289
1584290
1584291
1584292
1584293
1584294
1584296
1584297
1584298
1584300
1584301
1584302
1584303
1584304
1584306
1584307
1584308
1584309
1584310
1584311
1584313
1584315
1584316
1584317
1584318
1584320
1584322
1584323
1584325
1584326
1584327
1584328
1584329
1584330
1584331
1584333
1584334
1584335
1584336
1584338
1584339
1584340
1584341
1584342
1584344
1584345
1584346
1584348
1584349
1584350
1584352
1584353
1584355
1584356
1584357
1584358
1584359
1584360
1584362
1584363
1584364
1584366
1584367
1584368
1584369
1584371
1584373
1584374
1584375
1584376
1584378
1584380
1584381
1584382
1584383
1584384
1584386
1584387
1584388
1584389
1584390
1584391
1584392
1584393
1584394
1584396
1584397
1584398
1584399
1584400
1584401
1584402
1584403
1584405
1584406
1584407
1584408
1584409
1584411
1584412
1584413
1584415
1584416
1584417
1584419
1584420
1584422
1584423
1584424
1584425
1584426
1584427
1584429
1584430
1584431
1584433
1584434
1584435
1584436
1584437
1584439
1584440
1584441
1584443
1584444
1584445
1584447
1584448
1584450
1584451
1584452
1584453
1584454
1584455
1584457
1584458
1584459
1584461
1584462
1584463
1584464
1584465
1584467
1584468
1584470
1584471
1584472
1584473
1584475
1584476
1584478
1584479
1584480
1584481
1584482
1584483
1584485
1584486
1584487
1584489
1584490
1584491
1584492
1584493
1584495
1584496
1584497
1584498
1584499
1584500
1584501
1584503
1584504
1584505
1584506
1584508
1584509
1584510
1584511
1584512
1584513
1584515
1584516
1584517
1584518
1584519
1584520
1584521
1584522
1584523
1584525
1584526
1584527
1584529
1584530
1584531
1584533
1584534
1584536
1584537
1584538
1584539
1584540
1584541
1584543
1584544
1584545
1584547
1584548
1584549
1584550
1584552
1584553
1584554
1584555
1584556
1584558
1584559
1584561
1584562
1584563
1584564
1584566
1584567
1584569
1584570
1584571
1584572
1584573
1584574
1584576
1584577
1584578
1584580
1584581
1584582
1584583
1584584
1584586
1584587
1584588
1584589
1584590
1584591
1584950
1584951
1584952
1584953
1584954
1584955
1584956
1584957
1584958
1584959
1584960
1584961
1584962
1584963
1584965
1584966
1584967
1584968
1584969
1584970
1584971
1584972
1584974
1584976
1584992
1584997
1584998
1584999
1585000
1585002
1585003
1585004
1585008
1585014
1585019
1585020
1585021
1585022
1585023
1585024
1585025
1585026
1585031
1585032
1585033
1585034
1585040
1585045
1585046
1585047
1585048
1585049
1585050
1585051
1585052
1585054
1585055
1585056
1585058
1585059
1585060
1585063
1585064
1585065
1585068
1585069
1585070
1585071
1585073
1585078
1585079
1585080
1585081
1585086
1585087
1585088
1585089
1585090
1585091
1585092
1585093
1585103
1585108
1585109
1585110
1585111
1585112
1585113
1585114
1585117
1585118
1585119
1585121
1585122
1585123
1585124
1585278
1585279
1585280
1585282
1585283
1585284
1585285
1585286
1585287
1585289
1585290
1585291
1585292
1585293
1585294
1585295
1585297
1585298
1585299
1585300
1585301
1585302
1585303
1585305
1585306
1585307
1585308
1585309
1585311
1585312
1585313
1585314
1585315
1585317
1585318
1585319
1585320
1585321
1585322
1585323
1585325
1585326
1585327
1585328
1585329
1585331
1585332
1585333
1585390
1585391
1585392
1585393
1585394
1585395
1585396
1585397
1585398
1585399
1585400
1585401
1585402
1585403
1585404
1585405
1585406
1585407
1585408
1585409
1585410
1585411
1585412
1585413
1585414
1585415
1585416
1585417
1585418
1585419
1585420
1585421
1585422
1585423
1585424
1585425
1585426
1585427
1585429
1585430
1585431
1585432
1585433
1585434
1585435
1585436
1585437
1585438
1585439
1585440
1585441
1585442
1585443
1585444
1585445
1585446
1585447
1585448
1585449
1585450
1585451
1585452
1585453
1585454
1585455
1585456
1585457
1585458
1585459
1585460
1585461
1585462
1585473
1585474
1585475
1585476
1585477
1585478
1585479
1585480
1585481
1585485
1585486
1585487
1585488
1585489
1585490
1585491
1585492
1585494
1585495
1585496
1585497
1585498
1585499
1585500
1585501
1585503
1585504
1585505
1585506
1585507
1585509
1585510
1585511
1585512
1585513
1585514
1585515
1585516
1585518
1585519
1585520
1585521
1585522
1585523
1585524
1585525
1585526
1585530
1585531
1585532
1585533
1585534
1585535
1585536
1585537
1585538
1585542
1585543
1585544
1585545
1585546
1585548
1585549
1585550
1585551
1585552
1585553
1585555
1585556
1585557
1585558
1585559
1585560
1585561
1585562
1585563
1585564
1585568
1585569
1585570
1585571
1585572
1585573
1585574
1585575
1585578
1585579
1585580
1585581
1585582
1585583
1585584
1585585
1585587
1585588
1585589
1585590
1585591
1585592
1585593
1585594
1585595
1585596
1585597
1585598
1585599
1585601
1585602
1585603
1585604
1585605
1585607
1585608
1585609
1585610
1585611
1585612
1585613
1585614
1585615
1585616
1585617
1585618
1585619
1585621
1585622
1585623
1585624
1585625
1585626
1585627
1585628
1585630
1585631
1585632
1585633
1585634
1585635
1585636
1585637
1585639
1585640
1585641
1585642
1585643
1585644
1585645
1585646
1585647
1585651
1585652
1585653
1585654
1585655
1585656
1585657
1585658
1585659
1585660
1585661
1585662
1585663
1585664
1585665
1585666
1585667
1585668
1585669
1585670
1585671
1585672
1585673
1585674
1585678
1585679
1585680
1585681
1585682
1585683
1585684
1585685
1585686
1585691
1585692
1585693
1585694
1585695
1585696
1585697
1585698
1585699
1585700
1585701
1585702
1585703
1585705
1585706
1585707
1585708
1585709
1585710
1585711
1585712
1585713
1585714
1585715
1585716
1585717
1585719
1585720
1585721
1585722
1585723
1585724
1585725
1585726
1586057
1586058
1586060
1586061
1586062
1586065
1586067
1586068
1586069
1586070
1586071
1586074
1586075
1586076
1586078
1586079
1586081
1586082
1586083
1586084
1586085
1586088
1586089
1586090
1586093
1586094
1586095
1586096
1586097
1586098
1586099
1586100
1586101
1586102
1586104
1586105
1586106
1586107
1586108
1586109
1586110
1586111
1586112
1586114
1586117
1586118
1586120
1586121
1586122
1586123
1586125
1586126
1586128
1586129
1586130
1586133
1586135
1586136
1586137
1586138
1586139
1586142
1586143
1586144
1586146
1586147
1586149
1586150
1586151
1586152
1586153
1586156
1586157
1586158
1586159
1586160
1586161
1586162
1586163
1586164
1586165
1586166
1586168
1586169
1586170
1586171
1586172
1586173
1586174
1586176
1586178
1586179
1586181
1586183
1586184
1586185
1586186
1586187
1586188
1586189
1586191
1586192
1586193
1586194
1586195
1586196
1586197
1586198
1586199
1586200
1586201
1586202
1586203
1586204
1586205
1586207
1586208
1586209
1586211
1586212
1586213
1586214
1586215
1586217
1586218
1586219
1586220
1586221
1586224
1586225
1586227
1586229
1586230
1586232
1586233
1586234
1586235
1586237
1586238
1586240
1586241
1586242
1586245
1586247
1586248
1586249
1586250
1586251
1586254
1586255
1586256
1586258
1586259
1586261
1586262
1586264
1586266
1586267
1586268
1586269
1586270
1586271
1586272
1586273
1586274
1586275
1586277
1586278
1586279
1586281
1586282
1586283
1586284
1586285
1586286
1586287
1586288
1586289
1586290
1586292
1586293
1586294
1586295
1586296
1586297
1586298
1586299
1586300
1586301
1586302
1586304
1586307
1586308
1586309
1586310
1586311
1586312
1586313
1586314
1586315
1586316
1586318
1586319
1586320
1586321
1586322
1586323
1586324
1586325
1586326
1586328
1586329
1586330
1586331
1586333
1586334
1586335
1586336
1586339
1586340
1586341
1586342
1586343
1586344
1586348
1586349
1586351
1586352
1586353
1586354
1586356
1586357
1586358
1586359
1586360
1586363
1586364
1586366
1586367
1586368
1586369
1586370
1586373
1586374
1586376
1586377
1586379
1586380
1586381
1586384
1586386
1586387
1586388
1586389
1586390
1586393
1586394
1586395
1586397
1586398
1586400
1586401
1586403
1586404
1586405
1586408
1586410
1586411
1586412
1586413
1586414
1586417
1586418
1586419
1586421
1586422
1586424
1586425
1586427
1586428
1586429
1586432
1586434
1586435
1586436
1586437
1586438
1586441
1586442
1586443
1586445
1586446
1586448
1586449
1586451
1586452
1586453
1586454
1586455
1586457
1586458
1586459
1586460
1586461
1586464
1586465
1586467
1586468
1586470
1586472
1586473
1586474
1586475
1586476
1586477
1586478
1586479
1586480
1586481
1586483
1586484
1586485
1586487
1586488
1586489
1586490
1586491
1586492
1586493
1586494
1586497
1586498
1586499
1586500
1586501
1586502
1586503
1586504
1586505
1586506
1586508
1586509
1586510
1586511
1586512
1586513
1586514
1586515
1586516
1586518
1586519
1586522
1586523
1586524
1586525
1586526
1586527
1586528
1586529
1586530
1586531
1586533
1586534
1586535
1586536
1586537
1586538
1586539
1586540
1586541
1586543
1586544
1586545
1586546
1586548
1586549
1586550
1586551
1586552
1586553
1586556
1586557
1586558
1586559
1586560
1586561
1586563
1586564
1586565
1586566
1586567
1586570
1586571
1586573
1586574
1586576
1586577
1586578
1586581
1586583
1586584
1586585
1586586
1586587
1586590
1586591
1586592
1586594
1586595
1586597
1586598
1586600
1586601
1586602
1586605
1586607
1586608
1586609
1586610
1586611
1586614
1586615
1586616
1586618
1586619
1586621
1586623
1586624
1586626
1586627
1586628
1586629
1586631
1586632
1586633
1586634
1586635
1586638
1586639
1587231
1587232
1587233
1587234
1587236
1587237
1587238
1587239
1587241
1587242
1587243
1587244
1587245
1587246
1587247
1587248
1587249
1587251
1587252
1587253
1587254
1587256
1587257
1587258
1587259
1587260
1587261
1587262
1587263
1587264
1587266
1587267
1587268
1587269
1587270
1587271
1587273
1587274
1587275
1587276
1587277
1587279
1587281
1587282
1587283
1587284
1587285
1587286
1587288
1587290
1587291
1587292
1587293
1587361
1587362
1587363
1587366
1587367
1587368
1587370
1587372
1587373
1587374
1587376
1587377
1587378
1587379
1587380
1587381
1587382
1587383
1587384
1587385
1587386
1587387
1587388
1587389
1587390
1587391
1587393
1587394
1587396
1587397
1587398
1587399
1587400
1587402
1587403
1587404
1587405
1587406
1587407
1587408
1587410
1587411
1587413
1587414
1587415
1587416
1587417
1587419
1587420
1587421
1587423
1587424
1587425
1587426
1587427
1587428
1587429
1587430
1587431
1587432
1587433
1587434
1587435
1587436
1587437
1587438
1587439
1587440
1587441
1587442
1587443
1587444
1587445
1587446
1587447
1587448
1587449
1587450
1587453
1587454
1587455
1587457
1587459
1587460
1587461
1587463
1587464
1587465
1587466
1587467
1587468
1587469
1587470
1587471
1587472
1587473
1587474
1587475
1587476
1587477
1587478
1587480
1587481
1587483
1587484
1587485
1587486
1587487
1587489
1587490
1587491
1587492
1587493
1587494
1587495
1587497
1587498
1587500
1587501
1587502
1587503
1587504
1587506
1587507
1587508
1587509
1587510
1587511
1587512
1587513
1587514
1587515
1587516
1587517
1587518
1587521
1587522
1587524
1587525
1587526
1587527
1587528
1587529
1587530
1587531
1587532
1587533
1587536
1587537
1587539
1587540
1587541
1587542
1587545
1587546
1587548
1587549
1587550
1587551
1587553
1587554
1587556
1587557
1587558
1587559
1587560
1587562
1587563
1587564
1587566
1587567
1587568
1587569
1587570
1587571
1587572
1587573
1587574
1587575
1587576
1587577
1587578
1587580
1587581
1587583
1587584
1587585
1587586
1587587
1587589
1587590
1587591
1587592
1587593
1587594
1587595
1587598
1587599
1587600
1587602
1587604
1587605
1587606
1587608
1587609
1587610
1587611
1587612
1587613
1587614
1587615
1587616
1587617
1587618
1587619
1587620
1587621
1587622
1587623
1587624
1587625
1587626
1587627
1587628
1587629
1587630
1587631
1587632
1587635
1587636
1587638
1587639
1587640
1587641
1587644
1587645
1587647
1587648
1587649
1587650
1587651
1587652
1587653
1587654
1587655
1587656
1587657
1587658
1587659
1587660
1587661
1587662
1587665
1587666
1587668
1587669
1587670
1587671
1587672
1587673
1587674
1587675
1587676
1587677
1587679
1587680
1587682
1587683
1587684
1587685
1587686
1587688
1587689
1587690
1587691
1587692
1587693
1587694
1587695
1587696
1587697
1587698
1587699
1587700
1587702
1587703
1587705
1587706
1587707
1587708
1587709
1587711
1587712
1587713
1587715
1587716
1587717
1587718
1587719
1587720
1587721
1587723
1587724
1587726
1587727
1587728
1587729
1587730
1587732
1587733
1587734
1587735
1587736
1587737
1587738
1587741
1587742
1587743
1587745
1587747
1587748
1587749
1587751
1587752
1587753
1587754
1587755
1587756
1587757
1587758
1587759
1587760
1587761
1587762
1587763
1587764
1587765
1587766
1587768
1587769
1587771
1587772
1587773
1587774
1587775
1587777
1587778
1587779
1587780
1587781
1587782
1587783
1587786
1587787
1587788
1587790
1587792
1587793
1587794
1587796
1587797
1587798
1587799
1587800
1587801
1587802
1587803
1587804
1587805
1587806
1587807
1587808
1587809
1587810
1587811
1587813
1587814
1587816
1587817
1587818
1587819
1587820
1587822
1587823
1587824
1587825
1587826
1587828
1587829
1587831
1587832
1587833
1587835
1587837
1587838
1587839
1587841
1587842
1587843
1587844
1587845
1587846
1587847
1587848
1587849
1587850
1587851
1587852
1587853
1587854
1587855
1587856
1587857
1587858
1587859
1587860
1587861
1587862
1587863
1587864
1587865
1587867
1587868
1587870
1587871
1587872
1587873
1587874
1587876
1587877
1587878
1587879
1587880
1587881
1587882
1587883
1587884
1587885
1587886
1587887
1587888
1587889
1587890
1587891
1587892
1587893
1587894
1587897
1587898
1587900
1587901
1587902
1587903
1587904
1587905
1587906
1587907
1587908
1587909
1587910
1587911
1587912
1587913
1587914
1587915
1587916
1587917
1587918
1587919
1587920
1587921
1587922
1587923
1587924
1587925
1587926
1587927
1587930
1587931
1587933
1587934
1587935
1587936
1587938
1587939
1587941
1587942
1587943
1587944
1587945
1587947
1587948
1587949
1587951
1587952
1587953
1587954
1587955
1587956
1587957
1587958
1587959
1587960
1587963
1587964
1587965
1587967
1587969
1587970
1587971
1587973
1587974
1587975
1587976
1587977
1587978
1587979
1587980
1587981
1587982
1587983
1587984
1587985
1587986
1587987
1587988
1587990
1587991
1587993
1587994
1587995
1587996
1587997
1587999
1588000
1588001
1588002
1588004
1588005
1588007
1588008
1588009
1588010
1588011
1588013
1588014
1588015
1588016
1588017
1588019
1588020
1588022
1588023
1588024
1588026
1588028
1588029
1588030
1588032
1588033
1588034
1588035
1588036
1588037
1588038
1588039
1588040
1588041
1588042
1588043
1588044
1588045
1588046
1588047
1588048
1588049
1588050
1588051
1588052
1588053
1588054
1588055
1588056
1588058
1588059
1588061
1588062
1588063
1588064
1588065
1588067
1588068
1588069
1588070
1588071
1588072
1588073
1588074
1588075
1588788
1588791
1588792
1588793
1588796
1588797
1588798
1588799
1588801
1588802
1588803
1588804
1588806
1588807
1588808
1588810
1588811
1588812
1588815
1588816
1588817
1588818
1588819
1588821
1588822
1588823
1588824
1588825
1588826
1588829
1588830
1588831
1588832
1588835
1588836
1588839
1588840
1588841
1588843
1588844
1588845
1588847
1588848
1588849
1588852
1588853
1588856
1588857
1588933
1588934
1588935
1588936
1588937
1588938
1588940
1588942
1588943
1588944
1588947
1588948
1588949
1588950
1588951
1588952
1588953
1588955
1588957
1588958
1588959
1588962
1588963
1588964
1588965
1588968
1588969
1588970
1588971
1588972
1588973
1588974
1588976
1588978
1588979
1588980
1588983
1588984
1588985
1588988
1588990
1588991
1588992
1588993
1588994
1588995
1588997
1588999
1589000
1589001
1589002
1589003
1589004
1589006
1589008
1589009
1589010
1589011
1589012
1589013
1589015
1589017
1589018
1589019
1589022
1589023
1589024
1589027
1589028
1589029
1589030
1589031
1589032
1589033
1589035
1589037
1589038
1589039
1589040
1589041
1589042
1589044
1589046
1589047
1589048
1589168
1589169
1589171
1589172
1589173
1589175
1589176
1589178
1589179
1589180
1589181
1589184
1589185
1589187
1589188
1589189
1589191
1589193
1589194
1589196
1589197
1589198
1589201
1589202
1589204
1589205
1589207
1589209
1589210
1589211
1589213
1589214
1589216
1589219
1589220
1589222
1589223
1589224
1589225
1589228
1589229
1589230
1589232
1589233
1589234
1589235
1589304
1589305
1589306
1589308
1589310
1589312
1589313
1589315
1589316
1589318
1589320
1589321
1589322
1589324
1589327
1589328
1589331
1589333
1589334
1589335
1589337
1589339
1589341
1589344
1589345
1589347
1589348
1589349
1589350
1589352
1589353
1589354
1589357
1589359
1589360
1589361
1589362
1589365
1589367
1589368
1589369
1589370
1589371
1589374
1589375
1589377
1589379
1589381
1589382
1589383
1589384
1589386
1589389
1589390
1589392
1589393
1589394
1589395
1589397
1589398
1589399
1589402
1589403
1589405
1589406
1589407
1589408
1589411
1589413
1589414
1589417
1589418
1589421
1589422
1589423
1589424
1589425
1589428
1589430
1589431
1589433
1589435
1589436
1589437
1589438
1589440
1589442
1589443
1589445
1589447
1589448
1589449
1589451
1589452
1589453
1589455
1589457
1589459
1589460
1589462
1589463
1589465
1589466
1589467
1589468
1589471
1589473
1589474
1589475
1589476
1589478
1589479
1589482
1589483
1589485
1589486
1589487
1589488
1589490
1589491
1589492
1589495
1589497
1589498
1589499
1589502
1589503
1589506
1589507
1589510
1589511
1589514
1589516
1589517
1589518
1589520
1589523
1589525
1589526
1589527
1589528
1589529
1589531
1589533
1589535
1589537
1589538
1589540
1589541
1589542
1589543
1589546
1589548
1589549
1589550
1589551
1589553
1589556
1589557
1589559
1589560
1589561
1589562
1589832
1589833
1589834
1589835
1589836
1589839
1589841
1589844
1589845
1589847
1589849
1589850
1589851
1589852
1589853
1589854
1589855
1589858
1589860
1589864
1589865
1589867
1589869
1589871
1589872
1589874
1589875
1589876
1589877
1589878
1589881
1589883
1589886
1589887
1589889
1589891
1589893
1589894
1589895
1589896
1589897
1589898
1589901
1589903
1589907
1589908
1589910
1589912
1589913
1589914
1589916
1589917
1589918
1589919
1589920
1589923
1589925
1589928
1589929
1589931
1589933
1589934
1589935
1589937
1589939
1589940
1589941
1589942
1589945
1589947
1589950
1589952
1589954
1589956
1589957
1589958
1589959
1589960
1589961
1589964
1589966
1589970
1589972
1589974
1589976
1589978
1589979
1589980
1589981
1589982
1589983
1589986
1589988
1589992
1589993
1589995
1589997
1589998
1589999
1590170
1590171
1590174
1590175
1590178
1590179
1590182
1590183
1590186
1590187
1590190
1590191
1590194
1590195
1590198
1590199
1590234
1590235
1590236
1590237
1590238
1590239
1590240
1590241
1590242
1590243
1590244
1590245
1590246
1590247
1590248
1590249
1590254
1590255
1590256
1590257
1590258
1590259
1590260
1590261
1590266
1590267
1590268
1590269
1590272
1590273
1590274
1590275
1590276
1590277
1590278
1590279
1590282
1590283
1590284
1590285
1590291
1590292
1590293
1590294
1590297
1590298
1590299
1590300
1590301
1590302
1590303
1590304
1590307
1590308
1590309
1590310
1590314
1590315
1590316
1590317
1590318
1590319
1590320
1590321
1590402
1590403
1590404
1590405
1590406
1590407
1590408
1590409
1590410
1590411
1590412
1590413
1590414
1590415
1590416
1590417
1590418
1590419
1590420
1590421
1590422
1590423
1590424
1590425
1590426
1590427
1590428
1590429
1590430
1590431
1590432
1590433
1590434
1590435
1590436
1590437
1590438
1590439
1590440
1590441
1590442
1590443
1590444
1590445
1590446
1590447
1590448
1590449
1590450
1590451
1590452
1590453
1590454
1590455
1590456
1590457
1590458
1590459
1590460
1590461
1590462
1590463
1590464
1590465
1590466
1590467
1590478
1590479
1590480
1590481
1590482
1590483
1590484
1590485
1590486
1590487
1590488
1590489
1590490
1590491
1590492
1590493
1590497
1590498
1590499
1590500
1590504
1590505
1590506
1590507
1590508
1590509
1590510
1590511
1590518
1590519
1590520
1590521
1590522
1590523
1590524
1590525
1590526
1590527
1590528
1590529
1590530
1590531
1590532
1590533
1590534
1590535
1590536
1590537
1590538
1590539
1590540
1590541
1590542
1590543
1590544
1590545
1590546
1590547
1590548
1590549
1590550
1590551
1590552
1590553
1590554
1590555
1590556
1590557
1590559
1590560
1590561
1590562
1590563
1590564
1590565
1590566
1590569
1590570
1590571
1590572
1590573
1590577
1590578
1590579
1590580
1590581
1590582
1590583
1590584
1590585
1590586
1590587
1590588
1590591
1590592
1590593
1590594
1590595
1590596
1590597
1590598
1590601
1590602
1590603
1590604
1590605
1590606
1590607
1590608
1590609
1590610
1590611
1590612
1590618
1590619
1590620
1590621
1590622
1590623
1590624
1590625
1590630
1590631
1590632
1590633
1590634
1590635
1590636
1590637
1590638
1590639
1590640
1590641
1590642
1590643
1590644
1590645
1590646
1590647
1590648
1590649
1590650
1590651
1590652
1590653
1590654
1590655
1590656
1590657
1590658
1590659
1590660
1590661
1590662
1590663
1590664
1590665
1590666
1590667
1590668
1590669
1590672
1590673
1590674
1590675
1590676
1590677
1590678
1590679
1590680
1590681
1590682
1590683
1590686
1590687
1590688
1590689
1590690
1590691
1590692
1590693
1590694
1590695
1590696
1590697
1590698
1590701
1590702
1590703
1590704
1590705
1590706
1590707
1590708
1591006
1591007
1591008
1591009
1591010
1591011
1591012
1591013
1591014
1591015
1591016
1591017
1591018
1591019
1591020
1591021
1591022
1591023
1591024
1591025
1591026
1591027
1591028
1591029
1591030
1591031
1591032
1591033
1591034
1591035
1591036
1591037
1591038
1591039
1591040
1591041
1591042
1591043
1591044
1591045
1591046
1591047
1591048
1591049
1591050
1591051
1591052
1591053
1591102
1591103
1591104
1591105
1591106
1591107
1591109
1591110
1591111
1591112
1591113
1591114
1591115
1591116
1591117
1591118
1591119
1591120
1591121
1591122
1591123
1591125
1591126
1591127
1591128
1591129
1591130
1591131
1591132
1591133
1591134
1591135
1591136
1591137
1591138
1591139
1591140
1591141
1591142
1591143
1591144
1591145
1591146
1591147
1591148
1591149
1591150
1591151
1591152
1591153
1591154
1591155
1591156
1591157
1591158
1591159
1591160
1591161
1591162
1591163
1591164
1591165
1591167
1591168
1591169
1591170
1591171
1591172
1591173
1591174
1591175
1591176
1591177
1591178
1591179
1591180
1591181
1591183
1591184
1591185
1591186
1591187
1591188
1591189
1591191
1591192
1591193
1591194
1591293
1591294
1591295
1591296
1591301
1591302
1591305
1591306
1591307
1591308
1591311
1591312
1591314
1591315
1591318
1591319
1591346
1591347
1591348
1591350
1591351
1591352
1591353
1591354
1591355
1591356
1591357
1591358
1591359
1591360
1591361
1591362
1591363
1591364
1591365
1591366
1591367
1591368
1591369
1591370
1591371
1591372
1591373
1591374
1591375
1591376
1591377
1591378
1591379
1591380
1591381
1591382
1591383
1591384
1591385
1591386
1591387
1591388
1591389
1591390
1591391
1591392
1591393
1591394
1591395
1591396
1591397
1591398
1591399
1591400
1591401
1591402
1591403
1591404
1591405
1591406
1591407
1591408
1591409
1591410
1591411
1591412
1591413
1591414
1591415
1591416
1591417
1591418
1591420
1591421
1591422
1591424
1591425
1591426
1591428
1591429
1591430
1591431
1591432
1591433
1591434
1591435
1591436
1591437
1591438
1591439
1591440
1591441
1591442
1591443
1591444
1591445
1591446
1591447
1591448
1591449
1591450
1591451
1591452
1591453
1591454
1591456
1591457
1591458
1591572
1591573
1591574
1591575
1591576
1591577
1591578
1591579
1591580
1591581
1591582
1591583
1591584
1591585
1591586
1591587
1591588
1591589
1591590
1591591
1591592
1591593
1591594
1591595
1591670
1591676
1591678
1591680
1591681
1591699
1591700
1591703
1591704
1591705
1591706
1591707
1591708
1591709
1591710
1591711
1591712
1591713
1591714
1591715
1591716
1591717
1591718
1591719
1591720
1591721
1591722
1591723
1591724
1591725
1591726
1591727
1591728
1591729
1591730
1591731
1591732
1591733
1591734
1591735
1591736
1591737
1591738
1591739
1591740
1591743
1591746
1591747
1591748
1591749
1591750
1591751
1591752
1591753
1591754
1591755
1591756
1591757
1591758
1591759
1591760
1591842
1591843
1591844
1591845
1591846
1591847
1591848
1591849
1591850
1591851
1591852
1591853
1591854
1591855
1591856
1591857
1591858
1591859
1591860
1591861
1591862
1591863
1591864
1591865
1591890
1591891
1620303
1620304
1620305
1620306
1620307
1620308
1620309
1620310
1620311
1620312
1620313
1620314
1620315
1620316
1620317
1620318
1620319
1620320
1620321
1620322
1620323
1620324
1620325
1620326
1620327
1620328
1620329
1620330
1620331
1620332
1620333
1620334
1620335
1620336
1620337
1620338
1620339
1620340
1620341
1620342
1620343
1620344
1620345
1620346
1620347
1620348
1620349
1620350
1620351
1620352
1620353
1620354
1620355
1620356
1620357
1620358
1620359
1620360
1620361
1620362
1620363
1620364
1620365
1620366
1620367
1620368
1620369
1620370
1620371
1620372
1620373
1620374
1620381
1620382
1620383
1620384
1620385
1620386
1620387
1620388
1620389
1620390
1620391
1620392
1620393
1620394
1620395
1620396
1620397
1620398
1620399
1620400
1620401
1620402
1620403
1620404
1620405
1620406
1620407
1620408
1620413
1620414
1620415
1620416
1620417
1620418
1620419
1620420
1620421
1620422
1620423
1620424
1620425
1620426
1620427
1620428
1620429
1620430
1620431
1620432
1620433
1620434
1620435
1620436
1620437
1620438
1620439
1620440
1620441
1620442
1620443
1620444
1620445
1620446
1620447
1620448
1620449
1620450
1620451
1620452
1620453
1620454
1620455
1620456
1620457
1620458
1620459
1620460
1620461
1620462
1620463
1620464
1620465
1620466
1620467
1620468
1620469
1620470
1620471
1620472
1620473
1620474
1620475
1620476
1628220
1628221
1628222
1628223
1628224
1628253
1628254
1628255
1628256
1628257
1628258
1628259
1628260
1628269
1628270
1628271
1628272
1628273
1628274
1628275
1628276
1628285
1628286
1628287
1628288
1628289
1628324
1628325
1628326
1628327
1628328
1628329
1628330
1628331
1628332
1628333
1628336
1628337
1628338
1628339
1628340
1628341
1628342
1628343
1628344
1628345
1628346
1628347
1628348
1628349
1628350
1628351
1628352
1628353
1628354
1628355
1628356
1628357
1628358
1628359
1628360
1628361
1628362
1628363
1628364
1628365
1628366
1628367
1628368
1628369
1628370
1628371
1628372
1628373
1628374
1628375
1628376
1628377
1628378
1628379
1628380
1628381
1628382
1628383
1628384
1628385
1628386
1628387
1628388
1628389
1628390
1628404
1628409
1628410
1628411
1628412
1628436
1628437
1628438
1628439
1628440
1628441
1628442
1628443
1628444
1628445
1628446
1628447
1628448
1628449
1628450
1628451
1628452
1628453
1628454
1628455
1628456
1628457
1628458
1628459
1628460
1628461
1628462
1628463
1628464
1628465
1628466
1628467
1628468
1628469
1628470
1628471
1628472
1628473
1628474
1628475
1628476
1628477
1628478
1628479
1628480
1628481
1628482
1628483
1628484
1628485
1628486
1628487
1628488
1628489
1628490
1628491
1628492
1628493
1628494
1628495
1628496
1628497
1628498
1628499
1628500
1628501
1628502
1628503
1628504
1628505
1628506
1628507
1628508
1628509
1628510
1628511
1628539
1628540
1628541
1628542
1628548
1628549
1628550
1628551
1628560
1628561
1628562
1628563
1628564
1628565
1628566
1628567
1628568
1628569
1628570
1628571
1628572
1628573
1628574
1628575
1628576
1628577
1628578
1628579
1628580
1628581
1628582
1628583
1628584
1628585
1628586
1628587
1628588
1628589
1628590
1628591
1628592
1628593
1628594
1628595
1628596
1628597
1628598
1628599
1628600
1628601
1628602
1628603
1628604
1628605
1628606
1628607
1628608
1628609
1628610
1628611
1628612
1628613
1628614
1628615
1628616
1628617
1628618
1628619
1628620
1628621
1628622
1628623
1628624
1628625
1628626
1628627
1628628
1628629
1628630
1628631
1628632
1628633
1628634
1628635
1628656
1628657
1628658
1628659
1628660
1628661
1628662
1628663
1628671
1628672
1628673
1628674
1628675
1628676
1628677
1628678
1628679
1628680
1628681
1628682
1628683
1628684
1628685
1628686
1628687
1628688
1628689
1628690
1628691
1628692
1628693
1628694
1628695
1628696
1628697
1628698
1628699
1628700
1628701
1628702
1628703
1628704
1628705
1628706
1628707
1628708
1628709
1628710
1628711
1628712
1628713
1628714
1628715
1628716
1628717
1628718
1628719
1628720
1628721
1628722
1628723
1628724
1628725
1628726
1628727
1628728
1628729
1628730
1628731
1628732
1628733
1628734
1628735
1628736
1628737
1628738
1628739
1628740
1628741
1628742
1628748
1628749
1628750
1628751
1628759
1628760
1628761
1628762
1628763
1628785
1628786
1628787
1628788
1628789
1628790
1628791
1628792
1628793
1628794
1628795
1628796
1628797
1628798
1628799
1628800
1628801
1628802
1628803
1628804
1628805
1628806
1628807
1628808
1628809
1628810
1628811
1628812
1628813
1628814
1628815
1628816
1628817
1628818
1628819
1628820
1628821
1628822
1628823
1628824
1628825
1628826
1628827
1628828
1628829
1628830
1628831
1628832
1628833
1628834
1628835
1628836
1628837
1628838
1628839
1628840
1628841
1628842
1628843
1628844
1628845
1628846
1628847
1628848
1628849
1628850
1628851
1628852
1628853
1628854
1628855
1628856
1628861
1628882
1628883
1628884
1628885
1628888
1628889
1628890
1628896
1628897
1628898
1628899
1628900
1628901
1628902
1628903
1628904
1628905
1628906
1628907
1628908
1628909
1628910
1628911
1628912
1628913
1628914
1628915
1628916
1628917
1628918
1628919
1628920
1628921
1628922
1628923
1628924
1628925
1628926
1628927
1628928
1628929
1628930
1628931
1628932
1628933
1628934
1628935
1628936
1628937
1628938
1628939
1628940
1628941
1628942
1628943
1628944
1628945
1628946
1628947
1628948
1628949
1628970
1628971
1628972
1628973
1628992
1628993
1628994
1628995
1629007
1629008
1629009
1629010
1629023
1670937
1670948
1670951
1670952
1670958
1670969
1670970
1670971
1670985
1670986
1671079
1671080
1671086
1671087
1671088
1671089
1671096
1671097
1671098
1671099
1671100
1671101
1671102
1671103
1671104
1671105
1671106
1671107
1671108
1671113
1671114
1671115
1671116
1671122
1671123
1671124
1671125
1671126
1671127
1671128
1671129
1671136
1671137
1671138
1671145
1671146
1671147
1671157
1671158
1671164
1671165
1671166
1671167
1671168
1671169
1671175
1671176
1671177
1671178
1671184
1671185
1671186
1671192
1671193
1671194
1671195
1671196
1671197
1671198
1671199
1671206
1671207
1671213
1671214
1671215
1671216
1671217
1671223
1671224
1671225
1671226
1671227
1671228
1671233
1671234
1671235
1671240
1671241
1671242
1671247
1671248
1671249
1671255
1671256
1671257
1671258
1671259
1671260
1671261
1671262
1671271
1671272
1671273
1671274
1671275
1671276
1671277
1671278
1671279
1671280
1671281
1671282
1671283
1671284
1671290
1671291
1671292
1671300
1671301
1671302
1671303
1671304
1671305
1671306
1671312
1671313
1671314
1671320
1671321
1671322
1671323
1671330
1671331
1671332
1671333
1671334
1671596
1671597
1671603
1671604
1671614
1671615
1671617
1671638
1671640
1671641
1671712
1671714
1671716
1671717
1671719
1671721
1671739
1671741
1671804
1671852
1671854
1672014
1672015
1672018
1672020
1672023
1672024
1672028
1672029
1672033
1672034
1672035
1672038
1672039
1672042
1672045
1672047
1672048
1672049
1672051
1672055
1672060
1672061
1672066
1672068
1672069
1672070
1672072
1672153
1672155
1672158
1672160
1672165
1672167
1672172
1672174
1672176
1672178
1672180
1672182
1672187
1672189
1672191
1672193
1672241
1672242
1672245
1672248
1672252
1672256
1672260
1672261
1672264
1672265
1672268
1672271
1672273
1672276
1672281
1672284
1672285
1672288
1672289
1672292
1672293
1672296
1672299
1672300
1672303
1672304
1672307
1672374
1672376
1672378
1672379
1672381
1672385
1672400
1672401
1672403
1672404
1672405
1672406
1672407
1672409
1672411
1672412
1672415
1672416
1672417
1672420
1672421
1672423
1672424
1672425
1672426
1672428
1672429
1672431
1672433
1672435
1672436
1672438
1672440
1672441
1672442
1672443
1672444
1672445
1672447
1672449
1672451
1672452
1672507
1672508
1672509
1672512
1672513
1672514
1672517
1672518
1672519
1672520
1672521
1672522
1672523
1672568
1672569
1672570
1672571
1672572
1672573
1672574
1672575
1672576
1672577
1672578
1672579
1672580
1672581
1672582
1672583
1672584
1672585
1672586
1672587
1672588
1672589
1672590
1672591
1672592
1672593
1672594
1672595
1672596
1672597
1672598
1672599
1672600
1672601
1672606
1672607
1672608
1672609
1672611
1672612
1672613
1672614
1672615
1672616
1672617
1672618
1672619
1672620
1672621
1672622
1672623
1672624
1672625
1672626
1672629
1672630
1672631
1672632
1672633
1672634
1672635
1672636
1672638
1672639
1672640
1672641
1672642
1672643
1672644
1672645
1672646
1672647
1672648
1672649
1672650
1672651
1672652
1672653
1672654
1672655
1672656
1672657
1672658
1672659
1672660
1672661
1672662
1672663
1672664
1672665
1672666
1672667
1672668
1672669
1672670
1672671
1672672
1672673
1672674
1672675
1672676
1672678
1672679
1672680
1672681
1672684
1672685
1672686
1672687
1672688
1672689
1672690
1672691
1672693
1672694
1672695
1672696
1672697
1672698
1672699
1672700
1672701
1672702
1672703
1672704
1672705
1672706
1672707
1672708
1672709
1672710
1672711
1672712
1672713
1672714
1672715
1672716
1672717
1672718
1672719
1672869
1672870
1672872
1672874
1672876
1672879
1672881
1672883
1672885
1672886
1672962
1672963
1672964
1672965
1672966
1672967
1672968
1672969
1672970
1672971
1672972
1672973
1672974
1672975
1672976
1672977
1672978
1672979
1672980
1672981
1672982
1672983
1672984
1672985
1672986
1672987
1672988
1672989
1672990
1672991
1672992
1672993
1672994
1672995
1672996
1673032
1673033
1673034
1673035
1673036
1673037
1673038
1673039
1673040
1673041
1673042
1673043
1673044
1673045
1673046
1673047
1673048
1673049
1673050
1673051
1673052
1673053
1673054
1673055
1673056
1673057
1673058
1673059
1673060
1520376
1520377
1520378
1520380
1520381
1520382
1520383
1520384
1520385
1520386
1520387
1520388
1520389
1520390
1520391
1520392
1520393
1520394
1520395
1520396
1520397
1520398
1520399
1520400
1520401
1520402
1520403
1520404
1520405
1520406
1520407
1520408
1520409
1520410
1520411
1520412
1520413
1520414
1520415
1520416
1520417
1520418
1520419
1520420
1520421
1520422
1520423
1520424
1520425
1520427
1520428
1520429
1520430
1520431
1520432
1520433
1520434
1520435
1520436
1520437
1520438
1520439
1520440
1520441
1520442
1520443
1520444
1520445
1520446
1520447
1520448
1520449
1520450
1520451
1520452
1520453
1520454
1520455
1520456
1520457
1520458
1520460
1520461
1520462
1520463
1520464
1520465
1520466
1520467
1520468
1520469
1520470
1520471
1520472
1520473
1520474
1520475
1520476
1520477
1520478
1520479
1520480
1520481
1520482
1520483
1520484
1520485
1520486
1520487
1520488
1520489
1520490
1520491
1520492
1520493
1520494
1520495
1520496
1520497
1520498
1520499
1520500
1520501
1520502
1520503
1520504
1520505
1520506
1520507
1520508
1520509
1520510
1520511
1520512
1520513
1520514
1520515
1520516
1520517
1520518
1520519
1520520
1520521
1520522
1520523
1520524
1520525
1520526
1520527
1520528
1520529
1520530
1520531
1520532
1520533
1520534
1520535
1520536
1520537
1520538
1520539
1520540
1520541
1520542
1520544
1520545
1520546
1520547
1520548
1520549
1520550
1520551
1520552
1520553
1520554
1520555
1520556
1522641
1522643
1522645
1522646
1522647
1522648
1522649
1522651
1522653
1522654
1522655
1522656
1522657
1522658
1522659
1522660
1522661
1522662
1522663
1522664
1522665
1522666
1522667
1522668
1522669
1522670
1522671
1522673
1522674
1522675
1522676
1522677
1522679
1522682
1522685
1522688
1522689
1522690
1522691
1522692
1522693
1522694
1522695
1522696
1522697
1522699
1522700
1522701
1522702
1522703
1522704
1522705
1522706
1522707
1522708
1522709
1522710
1522711
1522712
1522713
1522714
1522715
1522716
1522717
1522718
1522719
1522720
1522721
1522722
1522723
1522724
1522725
1522726
1522727
1522728
1522729
1522730
1522731
1522732
1522733
1522734
1522735
1522736
1522737
1522738
1522739
1522740
1522741
1522742
1522743
1522744
1522745
1522746
1522747
1522748
1522749
1522750
1522751
1522752
1522753
1522754
1522756
1522758
1522759
1522760
1522761
1522762
1522763
1522765
1522766
1522767
1522768
1522769
1522770
1522771
1522772
1522773
1522774
1522775
1522776
1522777
1522778
1522779
1522780
1522781
1522782
1522783
1522784
1522785
1522786
1522787
1522788
1522789
1522790
1522791
1522792
1522793
1522794
1522795
1522796
1522797
1522798
1522799
1522800
1522801
1522802
1522803
1522804
1522805
1522806
1522807
1522808
1522809
1522810
1522811
1522812
1522813
1522814
1522815
1522816
1522817
1522818
1522819
1522820
1522821
1522822
1522823
1522824
1522825
1522826
1522827
1522828
1522829
1522830
1522831
1522832
1522833
1522834
1522835
1522836
1522837
1522838
1522839
1522840
1522844
1522845
1522846
1522847
1522848
1522850
1522851
1522852
1522853
1522854
1522855
1522856
1522857
1522858
1522859
1522860
1522861
1522862
1522863
1522864
1522865
1522866
1522867
1522868
1522869
1522870
1522871
1522872
1522873
1522874
1522875
1522876
1522877
1522878
1522879
1522880
1522881
1522882
1522883
1522884
1522885
1522886
1522887
1522888
1522889
1522890
1522891
1522892
1522893
1522894
1522895
1522896
1522897
1522898
1522899
1522900
1522901
1522902
1522903
1522904
1522905
1522906
1522907
1522908
1522909
1522910
1522911
1522912
1522913
1522914
1522915
1522916
1522917
1522918
1522919
1522920
1522921
1522922
1522923
1522924
1522925
1522926
1522927
1522928
1522929
1522930
1522931
1522932
1522933
1522935
1522938
1522939
1522940
1522941
1522942
1522943
1522944
1522945
1522946
1522947
1522948
1522949
1522950
1522951
1522952
1522953
1522954
1522955
1522956
1522957
1522958
1522959
1522960
1522961
1522962
1522963
1522964
1522965
1522966
1522967
1522968
1522969
1522970
1522971
1522972
1522973
1522974
1522975
1522976
1522977
1522978
1522979
1522980
1522981
1522982
1522983
1522984
1522985
1522986
1522987
1522988
1522989
1522990
1522991
1522992
1522993
1522994
1522995
1522996
1522997
1522998
1522999
1523000
1523001
1523002
1523003
1523004
1523005
1523006
1523007
1523008
1523009
1523010
1523011
1523012
1523013
1523014
1523015
1523016
1523017
1523018
1523019
1523020
1523022
1523023
1523024
1523025
1523026
1523027
1523028
1523031
1523032
1523033
1523034
1523035
1523036
1523039
1523040
1523041
1523042
1523043
1523044
1523045
1523046
1523047
1523048
1523049
1523050
1523051
1523052
1523053
1523054
1523055
1523056
1523057
1523058
1523059
1523060
1523061
1523062
1523063
1523064
1523065
1523066
1523067
1523068
1523069
1523070
1523071
1523072
1523073
1523074
1523075
1523076
1523077
1523078
1523079
1523080
1523081
1523082
1523083
1523084
1523085
1523086
1523087
1523088
1523089
1523090
1523091
1523092
1523093
1523094
1523095
1523096
1523097
1523098
1523099
1523100
1523101
1523102
1523103
1523104
1523105
1523106
1523107
1523108
1523109
1523110
1523111
1523112
1523117
1523120
1523121
1523122
1523123
1523124
1523125
1523126
1523127
1523129
1523130
1523131
1523132
1523133
1523134
1523135
1523136
1523137
1523138
1523139
1523140
1523141
1523142
1523143
1523144
1523145
1523146
1523147
1523148
1523149
1523150
1523151
1523152
1523153
1523154
1523155
1523156
1523157
1523158
1523159
1523160
1523161
1523162
1523163
1523164
1523165
1523166
1523167
1523168
1523169
1523170
1523171
1523172
1523173
1523174
1523175
1523176
1523177
1523178
1523179
1523180
1523181
1523182
1523183
1523188
1523191
1523192
1523193
1523194
1523196
1523197
1523198
1523199
1523200
1523201
1523202
1523204
1523206
1523207
1523208
1523209
1523210
1523212
1523213
1523214
1523217
1523218
1538239
1538240
1538241
1538242
1538243
1538245
1538246
1538247
1538249
1538250
1538251
1538252
1538253
1538254
1538255
1538256
1538257
1538258
1538259
1538260
1538261
1538262
1538263
1538264
1538265
1538266
1538267
1538268
1538269
1538270
1538271
1538272
1538273
1538274
1538275
1538276
1538277
1538278
1538279
1538280
1538281
1538282
1538283
1538284
1538285
1538286
1538287
1538288
1538289
1538290
1538291
1538292
1538293
1538294
1538295
1538296
1538297
1538298
1538299
1538300
1538301
1538302
1538303
1538304
1538305
1538306
1538307
1538308
1538309
1538310
1538311
1538312
1538313
1538314
1538315
1538316
1538317
1538318
1538319
1538320
1538321
1538322
1538323
1538324
1538325
1538326
1538327
1538328
1538329
1538330
1538331
1538332
1538333
1538334
1538335
1538336
1538337
1538338
1538339
1538340
1538341
1538342
1538343
1538344
1538345
1538346
1538347
1538348
1538349
1538350
1538351
1538352
1538353
1538354
1538355
1538356
1538357
1538358
1538359
1538360
1538361
1538362
1538363
1538364
1538365
1538366
1538367
1538368
1538369
1538370
1538371
1538372
1538373
1538374
1538375
1538376
1538377
1538378
1538379
1538380
1538381
1538382
1538383
1538384
1538385
1538386
1538387
1538388
1538389
1538390
1538391
1538392
1538393
1538394
1538395
1538396
1538397
1538398
1538399
1538400
1538401
1538402
1538403
1538404
1538405
1538407
1538408
1538409
1538410
1538411
1538412
1538413
1538414
1538415
1538416
1538417
1538418
1538419
1538420
1538421
1538422
1538423
1538424
1538425
1538426
1538427
1538428
1538429
1538430
1538431
1538432
1538433
1538434
1538435
1538436
1538437
1538438
1538439
1538440
1538441
1538442
1538443
1538444
1538445
1538446
1538447
1538448
1538449
1538450
1538451
1538452
1538453
1538454
1538455
1538456
1538457
1538458
1538459
1538460
1538461
1538462
1538463
1538464
1538465
1538467
1538468
1538469
1538470
1538471
1538472
1538473
1538474
1538475
1538476
1538477
1538478
1538479
1538480
1538481
1538482
1538483
1538484
1538485
1538486
1538487
1538488
1538489
1538490
1538491
1538492
1538493
1538494
1538495
1538496
1538497
1538498
1538499
1538500
1538501
1538502
1538503
1538504
1538505
1538506
1538507
1538508
1538509
1538510
1538511
1538512
1538513
1538514
1538515
1538516
1538517
1538518
1538519
1538520
1538521
1538522
1538523
1538524
1538525
1538526
1538527
1538528
1538529
1538530
1538531
1538532
1538533
1538534
1538535
1538536
1538537
1538538
1538539
1538540
1538541
1538542
1538543
1538544
1538545
1538546
1538547
1538548
1538549
1538550
1538551
1538552
1538553
1538554
1538555
1538556
1538557
1538558
1538559
1538560
1538561
1538562
1538563
1538564
1538565
1538566
1538567
1538568
1538569
1538570
1538571
1538573
1538574
1538575
1538576
1538577
1538578
1538579
1538580
1538581
1538582
1538583
1538584
1538585
1538586
1538587
1538588
1538589
1538590
1538591
1538592
1538593
1538594
1538595
1538596
1538597
1538598
1538599
1538600
1538601
1538602
1538603
1545840
1545841
1545842
1545843
1545844
1545845
1545846
1545847
1545848
1545849
1545850
1545851
1545852
1545853
1545854
1545863
1545864
1545865
1545867
1545868
1545869
1545870
1545871
1545872
1545873
1545874
1545875
1545876
1545877
1545878
1545879
1545880
1545881
1545882
1545883
1545884
1545885
1545891
1545892
1545893
1545894
1545895
1545896
1545897
1545898
1545899
1545900
1545901
1545902
1545903
1545904
1545905
1545906
1545907
1545908
1545913
1545914
1545915
1545916
1545917
1545918
1545919
1545920
1545921
1545922
1545923
1545924
1545925
1545926
1545927
1545959
1545960
1545961
1545962
1545963
1545964
1545965
1545966
1545967
1545968
1545969
1545970
1545971
1545972
1545973
1545974
1545975
1545976
1545977
1545978
1545979
1545980
1545981
1545982
1545983
1545984
1545992
1545993
1545994
1545995
1545996
1545997
1545998
1545999
1546000
1546001
1546002
1546003
1546004
1546005
1546006
1546007
1546008
1546009
1546010
1546011
1546012
1546013
1546014
1546015
1546016
1546017
1546018
1546019
1546020
1546021
1546022
1546023
1546024
1546025
1546026
1546027
1546028
1546029
1546030
1546031
1546032
1546033
1546034
1546035
1546036
1546037
1546038
1546039
1546040
1546041
1546042
1546043
1546044
1546045
1546046
1546047
1546048
1546049
1546050
1546051
1546052
1546053
1546054
1546055
1546056
1546057
1546058
1546059
1546060
1546061
1546062
1546063
1546064
1546065
1546066
1546067
1546068
1546069
1546070
1546071
1546072
1546073
1546074
1546075
1546076
1546077
1546078
1546079
1546080
1546081
1546082
1546083
1546084
1546085
1546086
1546087
1546088
1546089
1546090
1546091
1546092
1546093
1546094
1546095
1546096
1546097
1546098
1546099
1546100
1546101
1546102
1546103
1546104
1546124
1546125
1546126
1546127
1546128
1546129
1546130
1546132
1546133
1546134
1546135
1546136
1546137
1546138
1546139
1546148
1546149
1546150
1546151
1546152
1546153
1546154
1546155
1546156
1546157
1546158
1546159
1546160
1546161
1546162
1546163
1546164
1546165
1546166
1546167
1546168
1546169
1546170
1546171
1546172
1546173
1546174
1546175
1546176
1546177
1546178
1546179
1546180
1546181
1546182
1546183
1546184
1546185
1546186
1546187
1546188
1546189
1546190
1546191
1546192
1546193
1546194
1546195
1546196
1546197
1546198
1546199
1546200
1546201
1546202
1546203
1546204
1546205
1546206
1546207
1546208
1546209
1546210
1546211
1546212
1546213
1546214
1546215
1546216
1546217
1546218
1546219
1546220
1546221
1546222
1546223
1546224
1546225
1546226
1546227
1546228
1546229
1546230
1546231
1546232
1546233
1546234
1546235
1546236
1546237
1546238
1546239
1546240
1546241
1546242
1546243
1546244
1546245
1546246
1546247
1546248
1546249
1546250
1546251
1546252
1546253
1546254
1546255
1546256
1546257
1546258
1546259
1546260
1546261
1546262
1546263
1546264
1546265
1546266
1546267
1546268
1546269
1546270
1546271
1546272
1546273
1546274
1546275
1546276
1546277
1546278
1546279
1546280
1546281
1546282
1546283
1546284
1546285
1546286
1546287
1546288
1546289
1546290
1546291
1546292
1546293
1546294
1546295
1546296
1546297
1546298
1546299
1546315
1546316
1546317
1546318
1546319
1546320
1546321
1546322
1546323
1546324
1546325
1546327
1546328
1546329
1546330
1546331
1546332
1546333
1546334
1546335
1546336
1546337
1546342
1546343
1546344
1546345
1546346
1546347
1546348
1546349
1546350
1546351
1546352
1546353
1546354
1546355
1546356
1546357
1546358
1546359
1546360
1546361
1546362
1546363
1546364
1546365
1546366
1546367
1546368
1546369
1546370
1546371
1546372
1546373
1546374
1546375
1546376
1546377
1546378
1546379
1546380
1546381
1546382
1546383
1546384
1546385
1546386
1546387
1546388
1546389
1546390
1546391
1546392
1546393
1546394
1546395
1546396
1546397
1546398
1546399
1546400
1546401
1546402
1546403
1546404
1546405
1546406
1546407
1546408
1546409
1546410
1546411
1546412
1546413
1546414
1546415
1546416
1546417
1546418
1546419
1546420
1546421
1546422
1546423
1546424
1546425
1546426
1546427
1546428
1546429
1546430
1546431
1546432
1546433
1546434
1546435
1546436
1546437
1546438
1546439
1546440
1546441
1546442
1546443
1546444
1546445
1546446
1546447
1546448
1546449
1546450
1546451
1546452
1546453
1546454
1546455
1546456
1546457
1546458
1546459
1546460
1546461
1546462
1546463
1546464
1546465
1546466
1546467
1546468
1546469
1546470
1546471
1546472
1546473
1546474
1546475
1546476
1546477
1546478
1546479
1546480
1546481
1546482
1546483
1546484
1546485
1546486
1546487
1546488
1546489
1546490
1546491
1546492
1546493
1546494
1546495
1546496
1546497
1546498
1546500
1546501
1546502
1546512
1546513
1546514
1546515
1546516
1546517
1546518
1546519
1546520
1546521
1546522
1546523
1546524
1546525
1546526
1546527
1546528
1546529
1546536
1546537
1546538
1546539
1546540
1546541
1546542
1546543
1546544
1546545
1546546
1546547
1546548
1546549
1546550
1546551
1546552
1546553
1546554
1546555
1546556
1546557
1546558
1546559
1546560
1546561
1546562
1546563
1546564
1546565
1546566
1546567
1546568
1546569
1546570
1546571
1546572
1546573
1546574
1546575
1546576
1546577
1546578
1546579
1546580
1546581
1546582
1546583
1546584
1546585
1546586
1546587
1546588
1546589
1546590
1546591
1546592
1546593
1546594
1546595
1546596
1546597
1546598
1546599
1546600
1546601
1546602
1546603
1546604
1546605
1546606
1546607
1546608
1546609
1546610
1546611
1546612
1546613
1546614
1546615
1546616
1546617
1546618
1546619
1546620
1546621
1546622
1546623
1546624
1546625
1546626
1546627
1546628
1546629
1546630
1546631
1546632
1546633
1546634
1546635
1546636
1546637
1546638
1546639
1546640
1546641
1546642
1546643
1546644
1546645
1546646
1546647
1546648
1546649
1546650
1546651
1546652
1546653
1546654
1546655
1546656
1546657
1546658
1546659
1546660
1546661
1546662
1546663
1546664
1546665
1546666
1546667
1546668
1546669
1546670
1546671
1546672
1546673
1546674
1546675
1546676
1546677
1546678
1546679
1546680
1546681
1546682
1546684
1546685
1546686
1546687
1546688
1546689
1546690
1546691
1546692
1546693
1546694
1546695
1546696
1546708
1546709
1546710
1546711
1546712
1546713
1546714
1546715
1546716
1546717
1546718
1546719
1546720
1546721
1546722
1546734
1546735
1546736
1546737
1546738
1546739
1546740
1546741
1546742
1546743
1546744
1546745
1546746
1546747
1546748
1546749
1546750
1546751
1546752
1546753
1546754
1546755
1546756
1546757
1546758
1546759
1546760
1546761
1546762
1546763
1546764
1546765
1546766
1546767
1546768
1546769
1546770
1546771
1546772
1546773
1546774
1546775
1546776
1546777
1546778
1546779
1546780
1546781
1546782
1546783
1546784
1546785
1546786
1546787
1546788
1546789
1546790
1546791
1546792
1546793
1546794
1546795
1546796
1546797
1546798
1546799
1546800
1546801
1546802
1546803
1546804
1546805
1546806
1546807
1546808
1546809
1546810
1546811
1546812
1546813
1546814
1546815
1546816
1546817
1546818
1546819
1546820
1546821
1546822
1546823
1546824
1546825
1546826
1546827
1546828
1546829
1546830
1546831
1546832
1546833
1546834
1546835
1546836
1546837
1546838
1546839
1546840
1546841
1546842
1546843
1546844
1546845
1546846
1546847
1546848
1546849
1546850
1546851
1546852
1546853
1546854
1546855
1546856
1546857
1546858
1546859
1546860
1546861
1546862
1546863
1546864
1546865
1546866
1546867
1546868
1546869
1546870
1546871
1546872
1546873
1546874
1546875
1546876
1546877
1546879
1546880
1546881
1546882
1546883
1546884
1546885
1546913
1546914
1546915
1546916
1546917
1546918
1546919
1546920
1546921
1546922
1546923
1546924
1546925
1546926
1546927
1546928
1546929
1546939
1546940
1546941
1546942
1546943
1546944
1546945
1546946
1546947
1546948
1546949
1546950
1546951
1546952
1546953
1546954
1546955
1546956
1546957
1546958
1546959
1546960
1546961
1546962
1546963
1546964
1546965
1546966
1546967
1546968
1546969
1546970
1546971
1546972
1546973
1546974
1546975
1546976
1546977
1546978
1546979
1546980
1546981
1546982
1546983
1546984
1546985
1546986
1546987
1546988
1546989
1546990
1546991
1546992
1546993
1546994
1546995
1546996
1546997
1546998
1546999
1547000
1547001
1547002
1547003
1547004
1547005
1547006
1547007
1547008
1547009
1547010
1547011
1547012
1547013
1547014
1547015
1547016
1547017
1547018
1547019
1547020
1547021
1547022
1547023
1547024
1547025
1547026
1547027
1547028
1547029
1547030
1547031
1547032
1547033
1547034
1547035
1547036
1547037
1547038
1547039
1547040
1547041
1547042
1547043
1547044
1547045
1547046
1547047
1547048
1547049
1547050
1547051
1547052
1547082
1547083
1547084
1547085
1547086
1547087
1547088
1547089
1547105
1547106
1547107
1547108
1547109
1547110
1547111
1547112
1547113
1547114
1547115
1547116
1547117
1547119
1547120
1547121
1547133
1547134
1547135
1547136
1547137
1547138
1547139
1547140
1547141
1547142
1547143
1547145
1547146
1547147
1547148
1547149
1547161
1547162
1547163
1547164
1547165
1547166
1547167
)


// ************************************************************************* //
