/*--------------------------------*- C++ -*----------------------------------*\
| =========                 |                                                 |
| \\      /  F ield         | OpenFOAM: The Open Source CFD Toolbox           |
|  \\    /   O peration     | Version:  v2106                                 |
|   \\  /    A nd           | Website:  www.openfoam.com                      |
|    \\/     M anipulation  |                                                 |
\*---------------------------------------------------------------------------*/
FoamFile
{
    version     2.0;
    format      ascii;
    arch        "LSB;label=32;scalar=64";
    class       faceSet;
    location    "constant/polyMesh/sets";
    object      topPatch;
}
// * * * * * * * * * * * * * * * * * * * * * * * * * * * * * * * * * * * * * //


8588
(
1582142
1582145
1582146
1582149
1582150
1582151
1582152
1582153
1582154
1582155
1582156
1582157
1582158
1582159
1582160
1582161
1582162
1582163
1582164
1582165
1582166
1582167
1582168
1582169
1582170
1582171
1582172
1582173
1582174
1582175
1582176
1582177
1582178
1582179
1582180
1582181
1582182
1582183
1582184
1582185
1582186
1582187
1582188
1582189
1582190
1582191
1582192
1582196
1582197
1582198
1582199
1582200
1582201
1582202
1582203
1582204
1582205
1582206
1582207
1582208
1582209
1582210
1582211
1582212
1582213
1582214
1582215
1582216
1582217
1582218
1582219
1582220
1582222
1582227
1582228
1582229
1582230
1582231
1582232
1582233
1582234
1582235
1582236
1582237
1582238
1582239
1582240
1582241
1582242
1582248
1582252
1582253
1582260
1582261
1582262
1582263
1582264
1582265
1582266
1582267
1582268
1582269
1582270
1582271
1582272
1582273
1582274
1582275
1582276
1582277
1582278
1582279
1582280
1582281
1582282
1582283
1582284
1582285
1582286
1582287
1582288
1582289
1582290
1582291
1582292
1582293
1582294
1582295
1582296
1582297
1582298
1582299
1582300
1582301
1582302
1582303
1582304
1582305
1582306
1582307
1582308
1582309
1582310
1582311
1582312
1582313
1582314
1582315
1582316
1582317
1582318
1582319
1582320
1582321
1582322
1582323
1582324
1582325
1582326
1582327
1582328
1582329
1582330
1582331
1582332
1582333
1582334
1582335
1582336
1582337
1582338
1582339
1582340
1582341
1582342
1582343
1582344
1582345
1582346
1582347
1582348
1582349
1582350
1582351
1582352
1582353
1582354
1582355
1582356
1582357
1582358
1582359
1582360
1582361
1582362
1582363
1582364
1582365
1582366
1582367
1582368
1582369
1582370
1582371
1582372
1582373
1582374
1582375
1582376
1582377
1582378
1582379
1582380
1582381
1582382
1582383
1582384
1582385
1582386
1582387
1582388
1582389
1582390
1582391
1582392
1582393
1582394
1582395
1582396
1582397
1582398
1582399
1582400
1582401
1582402
1582403
1582404
1582405
1582406
1582407
1582408
1582409
1582410
1582411
1582412
1582413
1582414
1582415
1582425
1582426
1582427
1582428
1582429
1582430
1582431
1582432
1582433
1582434
1582435
1582436
1582437
1582438
1582439
1582440
1582441
1582442
1582443
1582444
1582445
1582446
1582447
1582448
1582449
1582450
1582455
1582457
1582458
1582460
1582461
1582462
1582463
1582464
1582465
1582466
1582467
1582468
1582469
1582470
1582471
1582472
1582473
1582474
1582475
1582476
1582477
1582478
1582479
1582480
1582481
1582482
1582483
1582484
1582485
1582486
1582487
1582488
1582489
1582490
1582491
1582492
1582493
1582494
1582495
1582496
1582497
1582498
1582499
1582500
1582501
1582502
1582503
1582504
1582505
1582506
1582507
1582508
1582509
1582510
1582511
1582512
1582513
1582514
1582515
1582516
1582517
1582518
1582519
1582520
1582521
1582522
1582523
1582524
1582525
1582526
1582527
1582528
1582529
1582530
1582531
1582532
1582533
1582534
1582535
1582536
1582537
1582538
1582539
1582540
1582541
1582542
1582543
1582544
1582545
1582546
1582547
1582548
1582549
1582550
1582551
1582552
1582553
1582554
1582555
1582556
1582557
1582558
1582559
1582560
1582561
1582562
1582563
1582564
1582565
1582566
1582567
1582568
1582569
1582570
1582571
1582572
1582573
1582574
1582575
1582576
1582577
1582578
1582579
1582580
1582581
1582582
1582583
1582584
1582585
1582586
1582587
1582588
1582589
1582590
1582591
1582592
1582593
1582594
1582595
1582596
1582597
1582598
1582599
1582600
1582601
1582602
1582603
1582604
1582605
1582606
1582607
1582608
1582609
1582610
1582611
1582612
1582613
1582614
1582615
1582616
1582617
1582618
1582619
1582620
1582621
1582622
1582623
1582624
1582625
1582626
1582627
1582628
1582629
1582630
1582631
1582632
1582633
1582634
1582635
1582636
1582637
1582638
1582639
1582640
1582641
1582642
1582643
1582644
1582645
1582646
1582647
1582648
1582649
1582650
1582651
1582652
1582653
1582654
1582655
1582656
1582657
1582658
1582659
1582660
1582661
1582662
1582663
1582664
1582665
1582666
1582667
1582668
1582669
1582671
1582676
1582677
1582679
1582680
1582681
1582682
1582683
1582684
1582685
1582686
1582687
1582688
1582689
1582690
1582691
1582692
1582693
1582694
1582695
1582696
1582697
1582698
1582699
1582700
1582701
1582702
1582703
1582704
1582705
1582706
1582707
1582708
1582709
1582710
1582711
1582712
1582713
1582714
1582715
1582716
1582717
1582718
1582719
1582720
1582721
1582722
1582723
1582724
1582725
1582726
1582727
1582728
1582729
1582730
1582731
1582732
1582733
1582734
1582735
1582736
1582737
1582738
1582739
1582740
1582741
1582742
1582743
1582744
1582745
1582746
1582747
1582748
1582749
1582750
1582751
1582752
1582753
1582754
1582755
1582756
1582757
1582758
1582759
1582760
1582761
1582762
1582763
1582764
1582765
1582766
1582767
1582768
1582769
1582770
1582771
1582772
1582773
1582774
1582775
1582776
1582777
1582778
1582779
1582780
1582781
1582782
1582783
1582784
1582785
1582786
1582787
1582788
1582789
1582790
1582791
1582792
1582793
1582794
1582795
1582796
1582797
1582798
1582799
1582800
1582801
1582802
1582803
1582804
1582805
1582806
1582807
1582808
1582809
1582810
1582811
1582812
1582813
1582814
1582815
1582816
1582817
1582818
1582819
1582820
1582821
1582822
1582823
1582824
1582825
1582826
1582827
1582828
1582829
1582830
1582831
1582832
1582833
1582834
1582835
1582836
1582837
1582838
1582839
1582840
1582841
1582842
1582843
1582844
1582845
1582846
1582847
1582848
1582849
1582850
1582851
1582852
1582853
1582854
1582855
1582856
1582857
1582858
1582859
1582860
1582861
1582862
1582863
1582864
1582865
1582866
1582867
1582868
1582869
1582870
1582871
1582872
1582873
1582874
1582875
1582876
1582877
1582878
1582879
1582880
1582881
1582882
1582883
1582884
1582885
1582886
1582887
1582888
1582889
1582890
1582891
1582892
1582893
1582894
1582895
1582896
1582897
1582898
1582899
1582900
1582901
1582902
1582903
1582904
1582905
1582906
1582907
1582908
1582909
1582910
1582911
1582912
1582919
1582923
1582924
1582925
1582926
1582927
1582928
1582929
1582930
1582931
1582932
1582933
1582934
1582935
1582936
1582937
1582938
1582939
1582940
1582941
1582942
1582943
1582944
1582945
1582946
1582947
1582951
1582952
1582953
1582954
1582955
1582956
1582957
1582958
1582959
1582960
1582961
1582962
1582963
1582964
1582965
1582966
1582967
1582968
1582969
1582970
1582971
1582972
1582973
1582974
1582975
1582976
1582977
1582978
1582979
1582980
1582981
1582982
1582983
1582984
1582985
1582986
1582987
1582988
1582989
1582990
1582991
1582992
1582993
1582994
1582995
1582996
1582997
1582998
1582999
1583000
1583001
1583002
1583003
1583004
1583005
1583006
1583007
1583008
1583009
1583010
1583011
1583012
1583013
1583014
1583015
1583016
1583017
1583018
1583019
1583020
1583021
1583022
1583023
1583024
1583025
1583026
1583027
1583028
1583029
1583030
1583031
1583032
1583033
1583034
1583035
1583036
1583037
1583038
1583039
1583040
1583041
1583042
1583043
1583044
1583045
1583046
1583047
1583048
1583049
1583050
1583051
1583052
1583053
1583054
1583055
1583056
1583057
1583058
1583059
1583060
1583061
1583062
1583063
1583064
1583065
1583066
1583067
1583068
1583069
1583070
1583071
1583072
1583073
1583074
1583075
1583076
1583077
1583078
1583079
1583080
1583081
1583082
1583083
1583084
1583085
1583086
1583087
1583088
1583089
1583090
1583091
1583092
1583093
1583094
1583095
1583096
1583097
1583098
1583099
1583100
1583101
1583102
1583103
1583104
1583105
1583106
1583107
1583108
1583109
1583110
1583111
1583112
1583113
1583114
1583115
1583116
1583117
1583118
1583119
1583120
1583121
1583122
1583123
1583124
1583125
1583126
1583127
1583128
1583129
1583130
1583131
1583132
1583133
1583134
1583135
1583136
1583137
1583138
1583139
1583140
1583141
1583142
1583143
1583144
1583145
1583146
1583147
1583148
1583149
1583150
1583151
1583152
1583153
1583154
1583155
1583156
1583157
1583158
1583159
1583160
1583161
1583162
1583163
1583164
1583165
1583166
1583167
1583172
1583173
1583174
1583175
1583176
1583177
1583178
1583179
1583180
1583181
1583182
1583183
1583184
1583185
1583186
1583187
1583188
1583189
1583190
1583191
1583192
1583193
1583194
1583195
1583196
1583198
1583203
1583204
1583205
1583206
1583207
1583208
1583209
1583210
1583211
1583212
1583213
1583214
1583215
1583216
1583217
1583218
1583219
1583220
1583221
1583222
1583223
1583224
1583225
1583226
1583227
1583228
1583229
1583230
1583231
1583232
1583233
1583234
1583235
1583236
1583237
1583238
1583239
1583240
1583241
1583242
1583243
1583244
1583245
1583246
1583247
1583248
1583249
1583250
1583251
1583252
1583253
1583254
1583255
1583256
1583257
1583258
1583259
1583260
1583261
1583262
1583263
1583264
1583265
1583266
1583267
1583268
1583269
1583270
1583271
1583272
1583273
1583274
1583275
1583276
1583277
1583278
1583279
1583280
1583281
1583282
1583283
1583284
1583285
1583286
1583287
1583288
1583289
1583290
1583291
1583292
1583293
1583294
1583295
1583296
1583297
1583298
1583299
1583300
1583301
1583302
1583303
1583304
1583305
1583306
1583307
1583308
1583309
1583310
1583311
1583312
1583313
1583314
1583315
1583316
1583317
1583318
1583319
1583320
1583321
1583322
1583323
1583324
1583325
1583326
1583327
1583328
1583329
1583330
1583331
1583332
1583333
1583334
1583335
1583336
1583337
1583338
1583339
1583340
1583341
1583342
1583343
1583344
1583345
1583346
1583347
1583348
1583349
1583350
1583351
1583352
1583353
1583354
1583355
1583356
1583357
1583358
1583359
1583360
1583361
1583362
1583363
1583364
1583365
1583366
1583367
1583368
1583369
1583370
1583371
1583372
1583373
1583374
1583375
1583376
1583377
1583378
1583379
1583380
1583381
1583382
1583383
1583384
1583385
1583386
1583387
1583388
1583389
1583390
1583391
1583392
1583393
1583394
1583395
1583396
1583397
1583398
1583399
1583400
1583401
1583402
1583403
1583404
1583405
1583406
1583407
1583408
1583409
1583410
1583413
1583415
1583419
1583423
1583426
1583427
1583428
1583429
1583430
1583431
1583432
1583433
1583434
1583435
1583436
1583437
1583438
1583439
1583440
1583441
1583448
1583449
1583457
1583458
1583459
1583460
1583461
1583462
1583463
1583464
1583465
1583466
1583467
1583468
1583469
1583470
1583471
1583472
1583473
1583474
1583475
1583476
1583477
1583478
1583479
1583480
1583481
1583482
1583483
1583484
1583485
1583486
1583487
1583488
1583489
1583490
1583491
1583492
1583493
1583494
1583495
1583496
1583497
1583498
1583499
1583500
1583501
1583502
1583503
1583504
1583505
1583506
1583507
1583508
1583509
1583510
1583511
1583512
1583513
1583514
1583515
1583516
1583517
1583518
1583519
1583520
1583521
1583522
1583523
1583524
1583525
1583526
1583527
1583528
1583529
1583530
1583531
1583532
1583533
1583534
1583535
1583536
1583537
1583538
1583539
1583540
1583541
1583542
1583543
1583544
1583545
1583546
1583547
1583548
1583549
1583550
1583551
1583552
1583553
1583554
1583555
1583556
1583557
1583558
1583559
1583560
1583561
1583562
1583563
1583564
1583565
1583566
1583567
1583568
1583569
1583570
1583571
1583572
1583573
1583574
1583575
1583576
1583577
1583578
1583579
1583580
1583581
1583582
1583583
1583584
1583585
1583586
1583587
1583588
1583589
1583590
1583591
1583592
1583593
1583594
1583595
1583596
1583597
1583598
1583599
1583600
1583601
1583602
1583603
1583604
1583605
1583606
1583607
1583608
1583609
1583610
1583622
1583623
1583624
1583625
1583626
1583627
1583628
1583629
1583630
1583631
1583632
1583633
1583634
1583635
1583636
1583637
1583638
1583639
1583640
1583641
1583642
1583643
1583644
1583645
1583646
1583647
1583648
1583653
1583655
1583657
1583662
1583663
1583665
1583666
1583667
1583668
1583669
1583670
1583671
1583672
1583673
1583674
1583675
1583676
1583677
1583678
1583679
1583680
1583687
1583691
1583692
1583693
1583694
1583695
1583696
1583697
1583698
1583699
1583700
1583701
1583702
1583703
1583704
1583705
1583706
1583707
1583708
1583709
1583710
1583711
1583712
1583713
1583714
1583715
1583721
1583722
1583723
1583724
1583725
1583726
1583727
1583728
1583729
1583730
1583731
1583732
1583733
1583734
1583735
1583736
1583737
1583738
1583739
1583740
1583741
1583742
1583743
1583744
1583745
1583749
1583754
1583755
1583757
1583760
1583761
1583762
1583763
1583764
1583765
1583766
1583767
1583768
1583769
1583770
1583771
1583772
1583773
1583774
1583775
1583776
1583979
1583980
1583981
1583982
1583983
1583984
1583985
1583986
1583987
1583988
1583989
1583990
1583991
1583992
1583993
1583994
1583995
1583996
1583997
1583998
1583999
1584000
1584001
1584002
1584003
1584004
1584005
1584006
1584007
1584008
1584009
1584010
1584011
1584012
1584013
1584014
1584015
1584016
1584017
1584018
1584019
1584020
1584021
1584022
1584023
1584024
1584025
1584026
1584027
1584028
1584029
1584030
1584031
1584032
1584033
1584034
1584035
1584036
1584037
1584038
1584039
1584040
1584041
1584042
1584043
1584044
1584045
1584046
1584047
1584048
1584049
1584050
1584051
1584052
1584053
1584054
1584055
1584056
1584057
1584058
1584059
1584060
1584061
1584062
1584063
1584064
1584065
1584066
1584067
1584068
1584069
1584070
1584071
1584072
1584073
1584074
1584075
1584076
1584077
1584078
1584079
1584080
1584081
1584082
1584083
1584084
1584085
1584086
1584087
1584088
1584089
1584090
1584091
1584092
1584093
1584094
1584095
1584096
1584097
1584098
1584099
1584100
1584101
1584102
1584103
1584104
1584105
1584106
1584107
1584108
1584109
1584110
1584111
1584112
1584113
1584114
1584115
1584116
1584117
1584118
1584119
1584120
1584121
1584122
1584123
1584124
1584125
1584126
1584127
1584128
1584129
1584130
1584131
1584132
1584133
1584134
1584135
1584136
1584137
1584138
1584139
1584140
1584141
1584142
1584143
1584144
1584145
1584146
1584147
1584148
1584149
1584150
1584151
1584152
1584153
1584154
1584155
1584156
1584157
1584158
1584159
1584160
1584161
1584162
1584163
1584164
1584165
1584166
1584167
1584168
1584169
1584170
1584171
1584172
1584173
1584174
1584175
1584176
1584177
1584178
1584179
1584180
1584181
1584182
1584183
1584208
1584209
1584210
1584211
1584212
1584213
1584214
1584215
1584216
1584217
1584218
1584219
1584220
1584221
1584222
1584223
1584224
1584225
1584226
1584227
1584228
1584229
1584230
1584231
1584592
1584593
1584594
1584595
1584596
1584597
1584598
1584599
1584600
1584601
1584602
1584603
1584604
1584605
1584606
1584607
1584608
1584609
1584610
1584611
1584612
1584613
1584614
1584615
1584616
1584617
1584618
1584619
1584620
1584621
1584622
1584623
1584624
1584625
1584626
1584627
1584628
1584629
1584630
1584631
1584632
1584633
1584634
1584635
1584636
1584637
1584638
1584639
1584640
1584641
1584642
1584643
1584644
1584645
1584646
1584647
1584648
1584649
1584650
1584651
1584652
1584653
1584654
1584655
1584656
1584657
1584658
1584659
1584660
1584661
1584662
1584663
1584664
1584665
1584666
1584667
1584668
1584669
1584670
1584671
1584672
1584673
1584674
1584675
1584676
1584677
1584678
1584679
1584680
1584681
1584682
1584683
1584684
1584685
1584686
1584687
1584688
1584689
1584690
1584691
1584692
1584693
1584694
1584695
1584696
1584697
1584698
1584699
1584700
1584701
1584702
1584703
1584704
1584705
1584706
1584707
1584708
1584709
1584710
1584711
1584712
1584713
1584714
1584715
1584716
1584717
1584718
1584719
1584720
1584721
1584722
1584723
1584724
1584725
1584726
1584727
1584728
1584729
1584730
1584731
1584732
1584733
1584734
1584735
1584736
1584737
1584738
1584739
1584740
1584741
1584742
1584743
1584744
1584745
1584746
1584747
1584748
1584749
1584750
1584751
1584752
1584753
1584754
1584755
1584756
1584757
1584758
1584759
1584760
1584761
1584762
1584763
1584764
1584765
1584766
1584767
1584768
1584769
1584770
1584771
1584772
1584773
1584774
1584775
1584776
1584777
1584778
1584779
1584780
1584781
1584782
1584783
1584784
1584785
1584786
1584787
1584788
1584789
1584790
1584791
1584792
1584793
1584794
1584795
1584796
1584797
1584798
1584799
1584800
1584801
1584802
1584803
1584804
1584805
1584806
1584807
1584808
1584809
1584810
1584811
1584812
1584813
1584814
1584815
1584816
1584817
1584818
1584819
1584820
1584821
1584822
1584823
1584824
1584825
1584826
1584827
1584828
1584829
1584830
1584831
1584832
1584833
1584834
1584835
1584836
1584837
1584838
1584839
1584840
1584841
1584842
1584843
1584844
1584845
1584846
1584847
1584848
1584849
1584850
1584851
1584852
1584853
1584854
1584855
1584856
1584857
1584858
1584859
1584860
1584861
1584862
1584863
1584864
1584865
1584866
1584867
1584868
1584869
1584870
1584871
1584872
1584873
1584874
1584875
1584876
1584877
1584878
1584879
1584880
1584881
1584882
1584883
1584884
1584885
1584886
1584887
1584888
1584889
1584890
1584891
1584892
1584893
1584894
1584895
1584896
1584897
1584898
1584899
1584900
1584901
1584902
1584903
1584904
1584905
1584906
1584907
1584908
1584909
1584910
1584911
1584912
1584913
1584914
1584915
1584916
1584917
1584918
1584919
1584920
1584921
1584922
1584923
1584924
1584925
1584926
1584927
1584928
1584929
1584930
1584931
1584932
1584933
1584934
1584935
1584936
1584937
1584938
1584939
1584940
1584941
1584942
1584943
1584944
1584945
1584946
1584947
1584948
1584949
1584977
1584978
1584979
1584980
1584981
1584982
1584983
1584984
1584985
1584986
1584987
1584988
1584989
1584990
1585129
1585130
1585131
1585132
1585133
1585134
1585135
1585136
1585137
1585138
1585139
1585140
1585141
1585142
1585143
1585144
1585145
1585146
1585147
1585148
1585149
1585150
1585151
1585152
1585153
1585154
1585155
1585156
1585157
1585158
1585159
1585160
1585161
1585162
1585163
1585164
1585165
1585166
1585167
1585168
1585169
1585170
1585171
1585172
1585173
1585174
1585175
1585176
1585177
1585178
1585179
1585180
1585181
1585182
1585183
1585184
1585185
1585186
1585187
1585188
1585189
1585190
1585191
1585192
1585193
1585194
1585195
1585196
1585197
1585198
1585199
1585200
1585201
1585202
1585203
1585204
1585205
1585206
1585207
1585208
1585209
1585210
1585211
1585212
1585213
1585214
1585215
1585216
1585217
1585218
1585219
1585220
1585221
1585222
1585223
1585224
1585225
1585226
1585227
1585228
1585229
1585230
1585231
1585232
1585233
1585234
1585235
1585236
1585237
1585238
1585239
1585240
1585241
1585242
1585243
1585244
1585245
1585246
1585247
1585248
1585249
1585250
1585251
1585252
1585253
1585254
1585255
1585256
1585257
1585258
1585259
1585260
1585261
1585262
1585263
1585264
1585265
1585266
1585267
1585268
1585269
1585270
1585271
1585272
1585273
1585274
1585275
1585276
1585277
1585334
1585335
1585336
1585337
1585338
1585339
1585340
1585341
1585342
1585343
1585344
1585345
1585346
1585347
1585348
1585349
1585350
1585351
1585352
1585353
1585354
1585355
1585356
1585357
1585358
1585359
1585360
1585361
1585362
1585363
1585364
1585365
1585366
1585367
1585368
1585369
1585370
1585371
1585372
1585373
1585374
1585375
1585376
1585377
1585378
1585379
1585380
1585381
1585382
1585383
1585384
1585385
1585386
1585387
1585388
1585389
1585463
1585464
1585465
1585466
1585467
1585468
1585469
1585470
1585471
1585472
1585731
1585732
1585733
1585734
1585735
1585736
1585737
1585738
1585739
1585740
1585741
1585742
1585743
1585744
1585745
1585746
1585747
1585748
1585749
1585750
1585751
1585752
1585753
1585754
1585755
1585756
1585757
1585758
1585759
1585760
1585761
1585762
1585763
1585764
1585765
1585766
1585767
1585768
1585769
1585770
1585771
1585772
1585773
1585774
1585775
1585776
1585777
1585778
1585779
1585780
1585781
1585782
1585783
1585784
1585785
1585786
1585787
1585788
1585789
1585790
1585791
1585792
1585793
1585794
1585795
1585796
1585797
1585798
1585799
1585800
1585801
1585802
1585803
1585804
1585805
1585806
1585807
1585808
1585809
1585810
1585811
1585812
1585813
1585814
1585815
1585816
1585817
1585818
1585819
1585820
1585821
1585822
1585823
1585824
1585825
1585826
1585827
1585828
1585829
1585830
1585831
1585832
1585833
1585834
1585835
1585836
1585837
1585838
1585839
1585840
1585841
1585842
1585843
1585844
1585845
1585846
1585847
1585848
1585849
1585850
1585851
1585852
1585853
1585854
1585855
1585856
1585857
1585858
1585859
1585860
1585861
1585862
1585863
1585864
1585865
1585866
1585867
1585868
1585869
1585870
1585871
1585872
1585873
1585874
1585875
1585876
1585877
1585878
1585879
1585880
1585881
1585882
1585883
1585884
1585885
1585886
1585887
1585888
1585889
1585890
1585891
1585892
1585893
1585894
1585895
1585896
1585897
1585898
1585899
1585900
1585901
1585902
1585903
1585904
1585905
1585906
1585907
1585908
1585909
1585910
1585911
1585912
1585913
1585914
1585915
1585916
1585917
1585918
1585919
1585920
1585921
1585922
1585923
1585924
1585925
1585926
1585927
1585928
1585929
1585930
1585931
1585932
1585933
1585934
1585935
1585936
1585937
1585938
1585939
1585940
1585941
1585942
1585943
1585944
1585945
1585946
1585947
1585948
1585949
1585950
1585951
1585952
1585953
1585954
1585955
1585956
1585957
1585958
1585959
1585960
1585961
1585962
1585963
1585964
1585965
1585966
1585967
1585968
1585969
1585970
1585971
1585972
1585973
1585974
1585975
1585976
1585977
1585978
1585979
1585980
1585981
1585982
1585983
1585984
1585985
1585986
1585987
1585988
1585989
1585990
1585991
1585992
1585993
1585994
1585995
1585996
1585997
1585998
1585999
1586000
1586001
1586002
1586003
1586004
1586005
1586006
1586007
1586008
1586009
1586010
1586011
1586012
1586013
1586014
1586015
1586016
1586017
1586018
1586019
1586020
1586021
1586022
1586023
1586024
1586025
1586026
1586027
1586028
1586029
1586030
1586031
1586032
1586033
1586034
1586035
1586036
1586037
1586038
1586039
1586040
1586041
1586042
1586043
1586044
1586045
1586046
1586047
1586048
1586049
1586050
1586051
1586052
1586053
1586054
1586055
1586640
1586641
1586642
1586643
1586644
1586645
1586646
1586647
1586648
1586649
1586650
1586651
1586652
1586653
1586654
1586655
1586656
1586657
1586658
1586659
1586660
1586661
1586662
1586663
1586664
1586665
1586666
1586667
1586668
1586669
1586670
1586671
1586672
1586673
1586674
1586675
1586676
1586677
1586678
1586679
1586680
1586681
1586682
1586683
1586684
1586685
1586686
1586687
1586688
1586689
1586690
1586691
1586692
1586693
1586694
1586695
1586696
1586697
1586698
1586699
1586700
1586701
1586702
1586703
1586704
1586705
1586706
1586707
1586708
1586709
1586710
1586711
1586712
1586713
1586714
1586715
1586716
1586717
1586718
1586719
1586720
1586721
1586722
1586723
1586724
1586725
1586726
1586727
1586728
1586729
1586730
1586731
1586732
1586733
1586734
1586735
1586736
1586737
1586738
1586739
1586740
1586741
1586742
1586743
1586744
1586745
1586746
1586747
1586748
1586749
1586750
1586751
1586752
1586753
1586754
1586755
1586756
1586757
1586758
1586759
1586760
1586761
1586762
1586763
1586764
1586765
1586766
1586767
1586768
1586769
1586770
1586771
1586772
1586773
1586774
1586775
1586776
1586777
1586778
1586779
1586780
1586781
1586782
1586783
1586784
1586785
1586786
1586787
1586788
1586789
1586790
1586791
1586792
1586793
1586794
1586795
1586796
1586797
1586798
1586799
1586800
1586801
1586802
1586803
1586804
1586805
1586806
1586807
1586808
1586809
1586810
1586811
1586812
1586813
1586814
1586815
1586816
1586817
1586818
1586819
1586820
1586821
1586822
1586823
1586824
1586825
1586826
1586827
1586828
1586829
1586830
1586831
1586832
1586833
1586834
1586835
1586836
1586837
1586838
1586839
1586840
1586841
1586842
1586843
1586844
1586845
1586846
1586847
1586848
1586849
1586850
1586851
1586852
1586853
1586854
1586855
1586856
1586857
1586858
1586859
1586860
1586861
1586862
1586863
1586864
1586865
1586866
1586867
1586868
1586869
1586870
1586871
1586872
1586873
1586874
1586875
1586876
1586877
1586878
1586879
1586880
1586881
1586882
1586883
1586884
1586885
1586886
1586887
1586888
1586889
1586890
1586891
1586892
1586893
1586894
1586895
1586896
1586897
1586898
1586899
1586900
1586901
1586902
1586903
1586904
1586905
1586906
1586907
1586908
1586909
1586910
1586911
1586912
1586913
1586914
1586915
1586916
1586917
1586918
1586919
1586920
1586921
1586922
1586923
1586924
1586925
1586926
1586927
1586928
1586929
1586930
1586931
1586932
1586933
1586934
1586935
1586936
1586937
1586938
1586939
1586940
1586941
1586942
1586943
1586944
1586945
1586946
1586947
1586948
1586949
1586950
1586951
1586952
1586953
1586954
1586955
1586956
1586957
1586958
1586959
1586960
1586961
1586962
1586963
1586964
1586965
1586966
1586967
1586968
1586969
1586970
1586971
1586972
1586973
1586974
1586975
1586976
1586977
1586978
1586979
1586980
1586981
1586982
1586983
1586984
1586985
1586986
1586987
1586988
1586989
1586990
1586991
1586992
1586993
1586994
1586995
1586996
1586997
1586998
1586999
1587000
1587001
1587002
1587003
1587004
1587005
1587006
1587007
1587008
1587009
1587010
1587011
1587012
1587013
1587014
1587015
1587016
1587017
1587018
1587019
1587020
1587021
1587022
1587023
1587024
1587025
1587026
1587027
1587028
1587029
1587030
1587031
1587032
1587033
1587034
1587035
1587036
1587037
1587038
1587039
1587040
1587041
1587042
1587043
1587044
1587045
1587046
1587047
1587048
1587049
1587050
1587051
1587052
1587053
1587054
1587055
1587056
1587057
1587058
1587059
1587060
1587061
1587062
1587063
1587064
1587065
1587066
1587067
1587068
1587069
1587070
1587071
1587072
1587073
1587074
1587075
1587076
1587077
1587078
1587079
1587080
1587081
1587082
1587083
1587084
1587085
1587086
1587087
1587088
1587089
1587090
1587091
1587092
1587093
1587094
1587095
1587096
1587097
1587098
1587099
1587100
1587101
1587102
1587103
1587104
1587105
1587106
1587107
1587108
1587109
1587110
1587111
1587112
1587113
1587114
1587115
1587116
1587117
1587118
1587119
1587120
1587121
1587122
1587123
1587124
1587125
1587126
1587127
1587128
1587129
1587130
1587131
1587132
1587133
1587134
1587135
1587136
1587137
1587138
1587139
1587140
1587141
1587142
1587143
1587144
1587145
1587146
1587147
1587148
1587149
1587150
1587151
1587152
1587153
1587154
1587155
1587156
1587157
1587158
1587159
1587160
1587161
1587162
1587163
1587164
1587165
1587166
1587167
1587168
1587169
1587170
1587171
1587172
1587173
1587174
1587175
1587176
1587177
1587178
1587179
1587180
1587181
1587182
1587183
1587184
1587185
1587186
1587187
1587188
1587189
1587190
1587191
1587192
1587193
1587194
1587195
1587196
1587197
1587198
1587199
1587200
1587201
1587202
1587203
1587204
1587205
1587206
1587207
1587208
1587209
1587210
1587211
1587212
1587213
1587214
1587215
1587216
1587217
1587218
1587219
1587220
1587221
1587222
1587223
1587224
1587225
1587226
1587227
1587228
1587229
1587294
1587295
1587296
1587297
1587298
1587299
1587300
1587301
1587302
1587303
1587304
1587305
1587306
1587307
1587308
1587309
1587310
1587311
1587312
1587313
1587314
1587315
1587316
1587317
1587318
1587319
1587320
1587321
1587322
1587323
1587324
1587325
1587326
1587327
1587328
1587329
1587330
1587331
1587332
1587333
1587334
1587335
1587336
1587337
1587338
1587339
1587340
1587341
1587342
1587343
1587344
1587345
1587346
1587347
1587348
1587349
1587350
1587351
1587352
1587353
1587354
1587355
1587356
1587357
1587358
1587359
1587360
1588076
1588077
1588078
1588079
1588080
1588081
1588082
1588083
1588084
1588085
1588086
1588087
1588088
1588089
1588090
1588091
1588092
1588093
1588094
1588095
1588096
1588097
1588098
1588099
1588100
1588101
1588102
1588103
1588104
1588105
1588106
1588107
1588108
1588109
1588110
1588111
1588112
1588113
1588114
1588115
1588116
1588117
1588118
1588119
1588120
1588121
1588122
1588123
1588124
1588125
1588126
1588127
1588128
1588129
1588130
1588131
1588132
1588133
1588134
1588135
1588136
1588137
1588138
1588139
1588140
1588141
1588142
1588143
1588144
1588145
1588146
1588147
1588148
1588149
1588150
1588151
1588152
1588153
1588154
1588155
1588156
1588157
1588158
1588159
1588160
1588161
1588162
1588163
1588164
1588165
1588166
1588167
1588168
1588169
1588170
1588171
1588172
1588173
1588174
1588175
1588176
1588177
1588178
1588179
1588180
1588181
1588182
1588183
1588184
1588185
1588186
1588187
1588188
1588189
1588190
1588191
1588192
1588193
1588194
1588195
1588196
1588197
1588198
1588199
1588200
1588201
1588202
1588203
1588204
1588205
1588206
1588207
1588208
1588209
1588210
1588211
1588212
1588213
1588214
1588215
1588216
1588217
1588218
1588219
1588220
1588221
1588222
1588223
1588224
1588225
1588226
1588227
1588228
1588229
1588230
1588231
1588232
1588233
1588234
1588235
1588236
1588237
1588238
1588239
1588240
1588241
1588242
1588243
1588244
1588245
1588246
1588247
1588248
1588249
1588250
1588251
1588252
1588253
1588254
1588255
1588256
1588257
1588258
1588259
1588260
1588261
1588262
1588263
1588264
1588265
1588266
1588267
1588268
1588269
1588270
1588271
1588272
1588273
1588274
1588275
1588276
1588277
1588278
1588279
1588280
1588281
1588282
1588283
1588284
1588285
1588286
1588287
1588288
1588289
1588290
1588291
1588292
1588293
1588294
1588295
1588296
1588297
1588298
1588299
1588300
1588301
1588302
1588303
1588304
1588305
1588306
1588307
1588308
1588309
1588310
1588311
1588312
1588313
1588314
1588315
1588316
1588317
1588318
1588319
1588320
1588321
1588322
1588323
1588324
1588325
1588326
1588327
1588328
1588329
1588330
1588331
1588332
1588333
1588334
1588335
1588336
1588337
1588338
1588339
1588340
1588341
1588342
1588343
1588344
1588345
1588346
1588347
1588348
1588349
1588350
1588351
1588352
1588353
1588354
1588355
1588356
1588357
1588358
1588359
1588360
1588361
1588362
1588363
1588364
1588365
1588366
1588367
1588368
1588369
1588370
1588371
1588372
1588373
1588374
1588375
1588376
1588377
1588378
1588379
1588380
1588381
1588382
1588383
1588384
1588385
1588386
1588387
1588388
1588389
1588390
1588391
1588392
1588393
1588394
1588395
1588396
1588397
1588398
1588399
1588400
1588401
1588402
1588403
1588404
1588405
1588406
1588407
1588408
1588409
1588410
1588411
1588412
1588413
1588414
1588415
1588416
1588417
1588418
1588419
1588420
1588421
1588422
1588423
1588424
1588425
1588426
1588427
1588428
1588429
1588430
1588431
1588432
1588433
1588434
1588435
1588436
1588437
1588438
1588439
1588440
1588441
1588442
1588443
1588444
1588445
1588446
1588447
1588448
1588449
1588450
1588451
1588452
1588453
1588454
1588455
1588456
1588457
1588458
1588459
1588460
1588461
1588462
1588463
1588464
1588465
1588466
1588467
1588468
1588469
1588470
1588471
1588472
1588473
1588474
1588475
1588476
1588477
1588478
1588479
1588480
1588481
1588482
1588483
1588484
1588485
1588486
1588487
1588488
1588489
1588490
1588491
1588492
1588493
1588494
1588495
1588496
1588497
1588498
1588499
1588500
1588501
1588502
1588503
1588504
1588505
1588506
1588507
1588508
1588509
1588510
1588511
1588512
1588513
1588514
1588515
1588516
1588517
1588518
1588519
1588520
1588521
1588522
1588523
1588524
1588525
1588526
1588527
1588528
1588529
1588530
1588531
1588532
1588533
1588534
1588535
1588536
1588537
1588538
1588539
1588540
1588541
1588542
1588543
1588544
1588545
1588546
1588547
1588548
1588549
1588550
1588551
1588552
1588553
1588554
1588555
1588556
1588557
1588558
1588559
1588560
1588561
1588562
1588563
1588564
1588565
1588566
1588567
1588568
1588569
1588570
1588571
1588572
1588573
1588574
1588575
1588576
1588577
1588578
1588579
1588580
1588581
1588582
1588583
1588584
1588585
1588586
1588587
1588588
1588589
1588590
1588591
1588592
1588593
1588594
1588595
1588596
1588597
1588598
1588599
1588600
1588601
1588602
1588603
1588604
1588605
1588606
1588607
1588608
1588609
1588610
1588611
1588612
1588613
1588614
1588615
1588616
1588617
1588618
1588619
1588620
1588621
1588622
1588623
1588624
1588625
1588626
1588627
1588628
1588629
1588630
1588631
1588632
1588633
1588634
1588635
1588636
1588637
1588638
1588639
1588640
1588641
1588642
1588643
1588644
1588645
1588646
1588647
1588648
1588649
1588650
1588651
1588652
1588653
1588654
1588655
1588656
1588657
1588658
1588659
1588660
1588661
1588662
1588663
1588664
1588665
1588666
1588667
1588668
1588669
1588670
1588671
1588672
1588673
1588674
1588675
1588676
1588677
1588678
1588679
1588680
1588681
1588682
1588683
1588684
1588685
1588686
1588687
1588688
1588689
1588690
1588691
1588692
1588693
1588694
1588695
1588696
1588697
1588698
1588699
1588700
1588701
1588702
1588703
1588704
1588705
1588706
1588707
1588708
1588709
1588710
1588711
1588712
1588713
1588714
1588715
1588716
1588717
1588718
1588719
1588720
1588721
1588722
1588723
1588724
1588725
1588726
1588727
1588728
1588729
1588730
1588731
1588732
1588733
1588734
1588735
1588736
1588737
1588738
1588739
1588740
1588741
1588742
1588743
1588744
1588745
1588746
1588747
1588748
1588749
1588750
1588751
1588752
1588753
1588754
1588755
1588756
1588757
1588758
1588759
1588760
1588761
1588762
1588763
1588764
1588765
1588766
1588767
1588768
1588769
1588770
1588771
1588772
1588773
1588774
1588775
1588776
1588777
1588778
1588779
1588780
1588781
1588782
1588783
1588784
1588785
1588786
1588787
1588858
1588859
1588860
1588861
1588862
1588863
1588864
1588865
1588866
1588867
1588868
1588869
1588870
1588871
1588872
1588873
1588874
1588875
1588876
1588877
1588878
1588879
1588880
1588881
1588882
1588883
1588884
1588885
1588886
1588887
1588888
1588889
1588890
1588891
1588892
1588893
1588894
1588895
1588896
1588897
1588898
1588899
1588900
1588901
1588902
1588903
1588904
1588905
1588906
1588907
1588908
1588909
1588910
1588911
1588912
1588913
1588914
1588915
1588916
1588917
1588918
1588919
1588920
1588921
1588922
1588923
1588924
1588925
1588926
1588927
1588928
1588929
1588930
1588931
1588932
1589051
1589052
1589053
1589054
1589055
1589056
1589057
1589058
1589059
1589060
1589061
1589062
1589063
1589064
1589065
1589066
1589067
1589068
1589069
1589070
1589071
1589072
1589073
1589074
1589075
1589076
1589077
1589078
1589079
1589080
1589081
1589082
1589083
1589084
1589085
1589086
1589087
1589088
1589089
1589090
1589091
1589092
1589093
1589094
1589095
1589096
1589097
1589098
1589099
1589100
1589101
1589102
1589103
1589104
1589105
1589106
1589107
1589108
1589109
1589110
1589111
1589112
1589113
1589114
1589115
1589116
1589117
1589118
1589119
1589120
1589121
1589122
1589123
1589124
1589125
1589126
1589127
1589128
1589129
1589130
1589131
1589132
1589133
1589134
1589135
1589136
1589137
1589138
1589139
1589140
1589141
1589142
1589143
1589144
1589145
1589146
1589147
1589148
1589149
1589150
1589151
1589152
1589153
1589154
1589155
1589156
1589157
1589158
1589159
1589160
1589161
1589162
1589163
1589164
1589165
1589166
1589167
1589237
1589238
1589239
1589240
1589241
1589242
1589243
1589244
1589245
1589246
1589247
1589248
1589249
1589250
1589251
1589252
1589253
1589254
1589255
1589256
1589257
1589258
1589259
1589260
1589261
1589262
1589263
1589264
1589265
1589266
1589267
1589268
1589269
1589270
1589271
1589272
1589273
1589274
1589275
1589276
1589277
1589278
1589279
1589280
1589281
1589282
1589283
1589284
1589285
1589286
1589287
1589288
1589289
1589290
1589291
1589292
1589293
1589294
1589295
1589296
1589297
1589298
1589299
1589300
1589301
1589302
1589303
1589564
1589565
1589566
1589567
1589568
1589569
1589570
1589571
1589572
1589573
1589574
1589575
1589576
1589577
1589578
1589579
1589580
1589581
1589582
1589583
1589584
1589585
1589586
1589587
1589588
1589589
1589590
1589591
1589592
1589593
1589594
1589595
1589596
1589597
1589598
1589599
1589600
1589601
1589602
1589603
1589604
1589605
1589606
1589607
1589608
1589609
1589610
1589611
1589612
1589613
1589614
1589615
1589616
1589617
1589618
1589619
1589620
1589621
1589622
1589623
1589624
1589625
1589626
1589627
1589628
1589629
1589630
1589631
1589632
1589633
1589634
1589635
1589636
1589637
1589638
1589639
1589640
1589641
1589642
1589643
1589644
1589645
1589646
1589647
1589648
1589649
1589650
1589651
1589652
1589653
1589654
1589655
1589656
1589657
1589658
1589659
1589660
1589661
1589662
1589663
1589664
1589665
1589666
1589667
1589668
1589669
1589670
1589671
1589672
1589673
1589674
1589675
1589676
1589677
1589678
1589679
1589680
1589681
1589682
1589683
1589684
1589685
1589686
1589687
1589688
1589689
1589690
1589691
1589692
1589693
1589694
1589695
1589696
1589697
1589698
1589699
1589700
1589701
1589702
1589703
1589704
1589705
1589706
1589707
1589708
1589709
1589710
1589711
1589712
1589713
1589714
1589715
1589716
1589717
1589718
1589719
1589720
1589721
1589722
1589723
1589724
1589725
1589726
1589727
1589728
1589729
1589730
1589731
1589732
1589733
1589734
1589735
1589736
1589737
1589738
1589739
1589740
1589741
1589742
1589743
1589744
1589745
1589746
1589747
1589748
1589749
1589750
1589751
1589752
1589753
1589754
1589755
1589756
1589757
1589758
1589759
1589760
1589761
1589762
1589763
1589764
1589765
1589766
1589767
1589768
1589769
1589770
1589771
1589772
1589773
1589774
1589775
1589776
1589777
1589778
1589779
1589780
1589781
1589782
1589783
1589784
1589785
1589786
1589787
1589788
1589789
1589790
1589791
1589792
1589793
1589794
1589795
1589796
1589797
1589798
1589799
1589800
1589801
1589802
1589803
1589804
1589805
1589806
1589807
1589808
1589809
1589810
1589811
1589812
1589813
1589814
1589815
1589816
1589817
1589818
1589819
1589820
1589821
1589822
1589823
1589824
1589825
1589826
1589827
1589828
1589829
1589830
1590000
1590001
1590002
1590003
1590004
1590005
1590006
1590007
1590008
1590009
1590010
1590011
1590012
1590013
1590014
1590015
1590016
1590017
1590018
1590019
1590020
1590021
1590022
1590023
1590024
1590025
1590026
1590027
1590028
1590029
1590030
1590031
1590032
1590033
1590034
1590035
1590036
1590037
1590038
1590039
1590040
1590041
1590042
1590043
1590044
1590045
1590046
1590047
1590048
1590049
1590050
1590051
1590052
1590053
1590054
1590055
1590056
1590057
1590058
1590059
1590060
1590061
1590062
1590063
1590064
1590065
1590066
1590067
1590068
1590069
1590070
1590071
1590072
1590073
1590074
1590075
1590076
1590077
1590078
1590079
1590080
1590081
1590082
1590083
1590084
1590085
1590086
1590087
1590088
1590089
1590090
1590091
1590092
1590093
1590094
1590095
1590096
1590097
1590098
1590099
1590100
1590101
1590102
1590103
1590104
1590105
1590106
1590107
1590108
1590109
1590110
1590111
1590112
1590113
1590114
1590115
1590116
1590117
1590118
1590119
1590120
1590121
1590122
1590123
1590124
1590125
1590126
1590127
1590128
1590129
1590130
1590131
1590132
1590133
1590134
1590135
1590136
1590137
1590138
1590139
1590140
1590141
1590142
1590143
1590144
1590145
1590146
1590147
1590148
1590149
1590150
1590151
1590152
1590153
1590154
1590155
1590156
1590157
1590158
1590159
1590160
1590161
1590162
1590163
1590164
1590165
1590166
1590167
1590168
1590169
1590202
1590203
1590204
1590205
1590206
1590207
1590208
1590209
1590210
1590211
1590212
1590213
1590214
1590215
1590216
1590217
1590218
1590219
1590220
1590221
1590222
1590223
1590224
1590225
1590226
1590227
1590228
1590229
1590230
1590231
1590232
1590233
1590250
1590251
1590252
1590253
1590324
1590325
1590326
1590327
1590328
1590329
1590330
1590331
1590332
1590333
1590334
1590335
1590336
1590337
1590338
1590339
1590340
1590341
1590342
1590343
1590344
1590345
1590346
1590347
1590348
1590349
1590350
1590351
1590352
1590353
1590354
1590355
1590356
1590357
1590358
1590359
1590360
1590361
1590362
1590363
1590364
1590365
1590366
1590367
1590368
1590369
1590370
1590371
1590372
1590373
1590374
1590375
1590376
1590377
1590378
1590379
1590380
1590381
1590382
1590383
1590384
1590385
1590386
1590387
1590388
1590389
1590390
1590391
1590392
1590393
1590394
1590395
1590396
1590397
1590398
1590399
1590400
1590401
1590468
1590469
1590470
1590471
1590472
1590473
1590474
1590475
1590476
1590477
1590711
1590712
1590713
1590714
1590715
1590716
1590717
1590718
1590719
1590720
1590721
1590722
1590723
1590724
1590725
1590726
1590727
1590728
1590729
1590730
1590731
1590732
1590733
1590734
1590735
1590736
1590737
1590738
1590739
1590740
1590741
1590742
1590743
1590744
1590745
1590746
1590747
1590748
1590749
1590750
1590751
1590752
1590753
1590754
1590755
1590756
1590757
1590758
1590759
1590760
1590761
1590762
1590763
1590764
1590765
1590766
1590767
1590768
1590769
1590770
1590771
1590772
1590773
1590774
1590775
1590776
1590777
1590778
1590779
1590780
1590781
1590782
1590783
1590784
1590785
1590786
1590787
1590788
1590789
1590790
1590791
1590792
1590793
1590794
1590795
1590796
1590797
1590798
1590799
1590800
1590801
1590802
1590803
1590804
1590805
1590806
1590807
1590808
1590809
1590810
1590811
1590812
1590813
1590814
1590815
1590816
1590817
1590818
1590819
1590820
1590821
1590822
1590823
1590824
1590825
1590826
1590827
1590828
1590829
1590830
1590831
1590832
1590833
1590834
1590835
1590836
1590837
1590838
1590839
1590840
1590841
1590842
1590843
1590844
1590845
1590846
1590847
1590848
1590849
1590850
1590851
1590852
1590853
1590854
1590855
1590856
1590857
1590858
1590859
1590860
1590861
1590862
1590863
1590864
1590865
1590866
1590867
1590868
1590869
1590870
1590871
1590872
1590873
1590874
1590875
1590876
1590877
1590878
1590879
1590880
1590881
1590882
1590883
1590884
1590885
1590886
1590887
1590888
1590889
1590890
1590891
1590892
1590893
1590894
1590895
1590896
1590897
1590898
1590899
1590900
1590901
1590902
1590903
1590904
1590905
1590906
1590907
1590908
1590909
1590910
1590911
1590912
1590913
1590914
1590915
1590916
1590917
1590918
1590919
1590920
1590921
1590922
1590923
1590924
1590925
1590926
1590927
1590928
1590929
1590930
1590931
1590932
1590933
1590934
1590935
1590936
1590937
1590938
1590939
1590940
1590941
1590942
1590943
1590944
1590945
1590946
1590947
1590948
1590949
1590950
1590951
1590952
1590953
1590954
1590955
1590956
1590957
1590958
1590959
1590960
1590961
1590962
1590963
1590964
1590965
1590966
1590967
1590968
1590969
1590970
1590971
1590972
1590973
1590974
1590975
1590976
1590977
1590978
1590979
1590980
1590981
1590982
1590983
1590984
1590985
1590986
1590987
1590988
1590989
1590990
1590991
1590992
1590993
1590994
1590995
1590996
1590997
1590998
1590999
1591000
1591001
1591002
1591003
1591004
1591005
1591054
1591055
1591056
1591057
1591058
1591059
1591060
1591061
1591062
1591063
1591064
1591065
1591066
1591067
1591068
1591069
1591070
1591071
1591072
1591073
1591074
1591075
1591076
1591077
1591078
1591079
1591080
1591081
1591082
1591083
1591084
1591085
1591086
1591087
1591088
1591089
1591090
1591091
1591092
1591093
1591094
1591095
1591096
1591097
1591098
1591099
1591100
1591101
1591195
1591196
1591197
1591198
1591199
1591200
1591201
1591202
1591203
1591204
1591205
1591206
1591207
1591208
1591209
1591210
1591211
1591212
1591213
1591214
1591215
1591216
1591217
1591218
1591219
1591220
1591221
1591222
1591223
1591224
1591225
1591226
1591227
1591228
1591229
1591230
1591231
1591232
1591233
1591234
1591235
1591236
1591237
1591238
1591239
1591240
1591241
1591242
1591243
1591244
1591245
1591246
1591247
1591248
1591249
1591250
1591251
1591252
1591253
1591254
1591255
1591256
1591257
1591258
1591259
1591260
1591261
1591262
1591263
1591264
1591265
1591266
1591267
1591268
1591269
1591270
1591271
1591272
1591273
1591274
1591275
1591276
1591277
1591278
1591279
1591280
1591281
1591282
1591283
1591284
1591285
1591286
1591287
1591288
1591289
1591290
1591291
1591292
1591320
1591321
1591322
1591323
1591324
1591325
1591326
1591327
1591328
1591329
1591330
1591331
1591332
1591333
1591334
1591335
1591336
1591337
1591338
1591339
1591340
1591341
1591342
1591343
1591344
1591345
1591459
1591460
1591461
1591462
1591463
1591464
1591465
1591466
1591467
1591468
1591469
1591470
1591471
1591472
1591473
1591474
1591475
1591476
1591477
1591478
1591479
1591480
1591481
1591482
1591483
1591484
1591485
1591486
1591487
1591488
1591489
1591490
1591491
1591492
1591493
1591494
1591495
1591496
1591497
1591498
1591499
1591500
1591501
1591502
1591503
1591504
1591505
1591506
1591507
1591508
1591509
1591510
1591511
1591512
1591513
1591514
1591515
1591516
1591517
1591518
1591519
1591520
1591521
1591522
1591523
1591524
1591525
1591526
1591527
1591528
1591529
1591530
1591531
1591532
1591533
1591534
1591535
1591536
1591537
1591538
1591539
1591540
1591541
1591542
1591543
1591544
1591545
1591546
1591547
1591548
1591549
1591550
1591551
1591552
1591553
1591554
1591555
1591556
1591557
1591558
1591559
1591560
1591561
1591562
1591563
1591564
1591565
1591566
1591567
1591568
1591569
1591570
1591571
1591596
1591597
1591598
1591599
1591600
1591601
1591602
1591603
1591604
1591605
1591606
1591607
1591608
1591609
1591610
1591611
1591612
1591613
1591614
1591615
1591616
1591617
1591618
1591619
1591620
1591621
1591625
1591626
1591627
1591628
1591629
1591630
1591654
1591655
1591656
1591657
1591658
1591659
1591660
1591661
1591662
1591663
1591664
1591665
1591666
1591682
1591683
1591684
1591685
1591686
1591687
1591688
1591689
1591690
1591691
1591692
1591693
1591694
1591695
1591696
1591697
1591698
1591763
1591764
1591765
1591766
1591767
1591768
1591769
1591770
1591771
1591772
1591773
1591774
1591775
1591776
1591777
1591778
1591779
1591780
1591781
1591782
1591783
1591784
1591785
1591786
1591787
1591788
1591789
1591790
1591791
1591792
1591793
1591794
1591795
1591796
1591797
1591798
1591799
1591800
1591801
1591802
1591803
1591804
1591805
1591806
1591807
1591808
1591809
1591810
1591811
1591812
1591813
1591814
1591815
1591816
1591817
1591818
1591819
1591820
1591821
1591835
1591836
1591837
1591838
1591839
1591840
1591841
1591866
1591867
1591868
1591869
1591870
1591871
1591872
1591873
1591874
1591875
1591876
1591877
1591878
1591879
1591880
1591881
1591882
1591883
1591884
1591885
1591886
1591887
1591888
1591889
1591893
1591894
1591895
1591896
1591897
1591901
1591902
1591903
1591904
1591905
1591906
1591907
1591908
1591909
1591910
1591949
1591950
1591951
1591952
1591953
1591954
1591955
1591956
1591957
1591958
1591959
1591960
1591961
1591962
1591963
1591964
1591965
1591966
1591967
1591968
1591969
1591970
1591993
1591994
1591995
1591996
1591997
1591998
1591999
1592000
1592001
1592002
1592003
1592004
1592005
1592006
1592007
1592008
1592009
1592010
1592011
1592012
1592021
1592022
1592023
1592024
1592025
1592026
1592027
1592028
1592037
1592038
1592039
1592040
1592041
1592042
1592043
1592044
1597611
1597612
1597614
1597615
1597616
1597617
1597618
1597619
1597620
1597621
1597624
1597625
1597626
1597629
1597630
1597631
1597632
1597633
1597634
1597636
1597638
1597639
1597640
1597641
1597642
1597643
1597646
1597647
1597648
1597649
1597650
1597651
1597653
1609496
1609500
1609501
1609502
1609503
1609504
1609505
1609506
1609507
1609508
1609509
1609510
1609511
1609512
1609513
1609515
1609516
1609517
1609518
1609519
1609520
1609521
1609522
1609523
1609524
1609526
1609527
1609528
1609530
1609531
1609532
1609533
1609535
1609537
1609538
1609539
1609540
1609541
1609542
1609543
1609545
1609546
1609547
1609548
1609549
1609550
1609551
1609552
1609553
1609554
1609555
1609556
1609557
1609558
1609559
1609560
1609561
1609563
1609564
1609565
1609566
1609567
1609568
1609569
1609570
1609571
1609572
1609573
1609575
1609576
1609577
1609578
1609579
1609580
1609581
1609582
1609583
1609584
1609585
1609587
1609588
1609589
1609590
1609591
1609592
1609593
1609594
1609595
1609596
1609598
1609599
1609600
1609601
1609602
1609603
1609604
1609605
1609607
1609608
1609609
1609610
1609611
1609612
1609614
1609615
1609616
1609617
1609618
1609619
1609620
1609621
1609622
1609623
1609626
1609627
1609628
1609629
1609630
1609631
1609632
1609633
1609634
1609635
1609636
1609637
1609639
1609640
1609641
1609642
1609643
1609644
1609645
1609646
1609647
1609648
1609649
1609650
1609651
1609652
1628092
1628098
1628099
1628100
1628101
1628102
1628108
1628110
1628111
1628112
1628118
1628119
1628122
1628123
1628124
1628125
1628131
1628132
1628138
1628139
1628140
1628141
1628142
1628148
1628151
1628152
1628153
1628154
1628158
1628162
1628169
1628170
1628180
1628181
1628190
1669992
1669993
1669999
1670004
1670005
1670006
1670007
1670008
1670009
1670010
1670011
1670012
1670013
1670014
1670015
1670016
1670017
1670018
1670019
1670020
1670021
1670022
1670023
1670024
1670025
1670026
1670030
1670032
1670033
1670034
1670035
1670036
1670037
1670038
1670039
1670040
1670041
1670042
1670043
1670044
1670045
1670046
1670047
1670048
1670049
1670054
1670055
1670056
1670057
1670058
1670061
1670062
1670063
1670064
1670065
1670066
1670067
1670068
1670069
1670070
1670076
1670078
1670079
1670085
1670086
1670087
1670088
1670089
1670090
1670091
1670092
1670093
1670094
1670095
1670096
1670097
1670098
1670099
1670100
1670101
1670102
1670103
1670104
1670105
1670106
1670107
1670108
1670109
1670110
1670111
1670112
1670113
1670114
1670115
1670116
1670117
1670118
1670119
1670120
1670121
1670122
1670123
1670124
1670125
1670126
1670127
1670128
1670129
1670130
1670131
1670132
1670133
1670134
1670135
1670136
1670137
1670138
1670139
1670140
1670141
1670142
1670143
1670144
1670145
1670146
1670147
1670148
1670149
1670150
1670151
1670152
1670153
1670154
1670155
1670156
1670157
1670158
1670159
1670162
1670163
1670164
1670165
1670166
1670167
1670168
1670169
1670170
1670171
1670172
1670173
1670174
1670176
1670180
1670185
1670186
1670187
1670188
1670189
1670190
1670191
1670192
1670193
1670194
1670195
1670196
1670197
1670198
1670199
1670200
1670201
1670202
1670203
1670204
1670205
1670206
1670207
1670208
1670209
1670210
1670211
1670212
1670213
1670214
1670215
1670216
1670217
1670218
1670219
1670220
1670221
1670222
1670223
1670224
1670225
1670226
1670227
1670228
1670229
1670230
1670231
1670232
1670233
1670234
1670235
1670236
1670237
1670238
1670239
1670240
1670241
1670242
1670243
1670244
1670245
1670246
1670247
1670248
1670249
1670250
1670251
1670252
1670253
1670254
1670255
1670256
1670257
1670258
1670259
1670260
1670261
1670262
1670263
1670264
1670265
1670266
1670267
1670268
1670269
1670270
1670271
1670272
1670273
1670274
1670275
1670276
1670277
1670278
1670279
1670280
1670281
1670282
1670283
1670284
1670285
1670286
1670287
1670288
1670289
1670290
1670294
1670295
1670296
1670297
1670298
1670303
1670304
1670305
1670306
1670307
1670308
1670309
1670310
1670311
1670318
1670319
1670320
1670321
1670322
1670323
1670324
1670325
1670326
1670327
1670328
1670329
1670330
1670331
1670332
1670333
1670334
1670335
1670336
1670337
1670338
1670339
1670340
1670341
1670342
1670343
1670344
1670345
1670346
1670347
1670348
1670349
1670350
1670351
1670352
1670353
1670354
1670355
1670356
1670357
1670358
1670359
1670360
1670361
1670362
1670363
1670364
1670365
1670366
1670367
1670368
1670369
1670370
1670371
1670372
1670373
1670374
1670375
1670376
1670377
1670378
1670379
1670380
1670381
1670382
1670383
1670384
1670385
1670386
1670387
1670388
1670389
1670390
1670391
1670392
1670393
1670394
1670395
1670396
1670397
1670398
1670399
1670400
1670401
1670402
1670403
1670404
1670405
1670406
1670407
1670408
1670409
1670410
1670411
1670412
1670413
1670414
1670415
1670416
1670417
1670418
1670419
1670420
1670421
1670422
1670423
1670424
1670425
1670426
1670427
1670428
1670433
1670435
1670436
1670437
1670438
1670439
1670440
1670441
1670442
1670443
1670444
1670445
1670446
1670447
1670448
1670452
1670454
1670455
1670456
1670457
1670458
1670459
1670460
1670461
1670462
1670463
1670464
1670465
1670466
1670467
1670468
1670469
1670470
1670471
1670472
1670473
1670474
1670475
1670476
1670477
1670478
1670479
1670480
1670481
1670482
1670483
1670484
1670485
1670486
1670487
1670488
1670489
1670490
1670491
1670492
1670493
1670494
1670495
1670496
1670497
1670498
1670499
1670500
1670501
1670502
1670503
1670504
1670505
1670506
1670507
1670508
1670509
1670510
1670511
1670512
1670513
1670514
1670515
1670516
1670517
1670518
1670519
1670520
1670521
1670522
1670523
1670524
1670525
1670526
1670527
1670528
1670529
1670530
1670531
1670532
1670533
1670534
1670535
1670536
1670537
1670538
1670539
1670540
1670541
1670542
1670543
1670544
1670545
1670546
1670547
1670548
1670549
1670550
1670551
1670552
1670553
1670554
1670555
1670556
1670557
1670558
1670559
1670560
1670561
1670562
1670563
1670567
1670569
1670570
1670571
1670572
1670573
1670574
1670575
1670576
1670577
1670578
1670579
1670580
1670581
1670582
1670583
1670585
1670586
1670587
1670591
1670592
1670593
1670594
1670595
1670596
1670599
1670600
1670601
1670602
1670603
1670604
1670605
1670606
1670607
1670608
1670609
1670610
1670611
1670612
1670613
1670614
1670615
1670616
1670617
1670618
1670619
1670620
1670621
1670622
1670623
1670624
1670625
1670626
1670627
1670628
1670629
1670630
1670631
1670632
1670633
1670634
1670635
1670636
1670637
1670638
1670639
1670640
1670641
1670642
1670643
1670644
1670645
1670646
1670647
1670648
1670649
1670650
1670651
1670652
1670653
1670654
1670655
1670656
1670657
1670658
1670659
1670660
1670661
1670662
1670663
1670664
1670665
1670666
1670667
1670668
1670669
1670670
1670671
1670672
1670673
1670674
1670675
1670676
1670677
1670678
1670679
1670680
1670681
1670682
1670683
1670684
1670685
1670686
1670687
1670688
1670689
1670690
1670691
1670692
1670693
1670694
1670695
1670696
1670697
1670698
1670699
1670700
1670701
1670702
1670703
1670704
1670710
1670713
1670714
1670715
1670716
1670717
1670718
1670719
1670720
1670721
1670722
1670723
1670724
1670725
1670726
1670728
1670729
1670736
1670739
1670740
1670741
1670742
1670743
1670744
1670745
1670746
1670747
1670748
1670749
1670750
1670751
1670752
1670753
1670754
1670755
1670756
1670757
1670758
1670759
1670760
1670761
1670762
1670763
1670764
1670765
1670766
1670767
1670768
1670769
1670770
1670771
1670772
1670773
1670774
1670775
1670776
1670777
1670778
1670779
1670780
1670781
1670782
1670783
1670784
1670785
1670786
1670787
1670788
1670789
1670790
1670791
1670792
1670793
1670794
1670795
1670796
1670797
1670798
1670799
1670800
1670801
1670802
1670803
1670804
1670805
1670806
1670807
1670808
1670809
1670810
1670811
1670812
1670813
1670814
1670815
1670816
1670819
1670820
1670821
1670822
1670823
1670824
1670825
1670826
1670827
1670828
1670829
1670830
1670831
1670832
1670833
1670834
1670835
1670837
1670838
1670843
1670844
1670847
1670848
1670849
1670850
1670851
1670852
1670857
1670858
1670859
1670860
1670861
1670862
1670863
1670864
1670865
1670870
1670872
1670873
1670874
1670875
1670876
1670877
1670878
1670879
1670880
1670881
1670882
1670883
1670884
1670885
1670886
1670887
1670888
1670889
1670893
1670895
1670896
1670897
1670898
1670899
1670900
1670901
1670902
1670903
1670904
1670905
1670906
1670907
1670908
1670909
1670916
1670917
1670920
1670921
1670922
1670923
1670924
1670925
1670926
1670927
1670928
1670929
1670930
1670931
1670932
1671003
1671004
1671005
1671006
1671007
1671008
1671009
1671010
1671011
1671012
1671013
1671014
1671015
1671016
1671017
1671018
1671019
1671020
1671021
1671022
1671023
1671024
1671025
1671026
1671027
1671028
1671029
1671030
1671031
1671032
1671033
1671034
1671035
1671036
1671037
1671038
1671039
1671040
1671041
1671042
1671043
1671044
1671045
1671046
1671047
1671048
1671049
1671050
1671051
1671052
1671053
1671054
1671055
1671056
1671057
1671058
1671059
1671060
1671061
1671062
1671063
1671064
1671065
1671066
1671067
1671068
1671069
1671075
1671076
1671077
1671078
1671335
1671336
1671337
1671338
1671339
1671340
1671341
1671342
1671343
1671344
1671345
1671346
1671347
1671348
1671349
1671350
1671351
1671352
1671353
1671354
1671355
1671356
1671357
1671358
1671359
1671360
1671361
1671362
1671363
1671364
1671365
1671366
1671367
1671368
1671369
1671370
1671371
1671372
1671373
1671374
1671375
1671376
1671377
1671378
1671379
1671380
1671381
1671382
1671383
1671384
1671385
1671386
1671387
1671388
1671389
1671390
1671391
1671392
1671393
1671394
1671395
1671396
1671397
1671398
1671399
1671400
1671401
1671402
1671403
1671404
1671405
1671406
1671407
1671408
1671409
1671410
1671411
1671412
1671413
1671414
1671415
1671416
1671417
1671418
1671419
1671420
1671421
1671422
1671423
1671424
1671425
1671426
1671427
1671428
1671429
1671430
1671431
1671432
1671433
1671434
1671435
1671436
1671437
1671438
1671439
1671440
1671441
1671442
1671443
1671444
1671445
1671446
1671447
1671448
1671449
1671450
1671451
1671452
1671453
1671454
1671455
1671456
1671457
1671458
1671459
1671460
1671461
1671462
1671463
1671464
1671465
1671466
1671467
1671468
1671469
1671470
1671471
1671472
1671473
1671474
1671475
1671476
1671477
1671478
1671479
1671480
1671481
1671482
1671483
1671484
1671485
1671486
1671487
1671488
1671489
1671490
1671491
1671492
1671493
1671494
1671495
1671496
1671497
1671498
1671499
1671500
1671501
1671502
1671503
1671504
1671505
1671506
1671507
1671508
1671509
1671510
1671511
1671512
1671513
1671514
1671515
1671516
1671517
1671518
1671519
1671520
1671521
1671522
1671523
1671524
1671525
1671526
1671527
1671528
1671529
1671530
1671531
1671532
1671533
1671534
1671535
1671536
1671537
1671538
1671539
1671540
1671541
1671542
1671543
1671544
1671545
1671546
1671547
1671548
1671549
1671550
1671551
1671552
1671553
1671554
1671555
1671556
1671557
1671558
1671559
1671560
1671561
1671562
1671563
1671564
1671565
1671566
1671567
1671568
1671569
1671570
1671571
1671572
1671573
1671574
1671575
1671576
1671577
1671578
1671579
1671580
1671581
1671582
1671583
1671584
1671585
1671586
1671598
1671599
1671600
1671601
1671653
1671654
1671655
1671656
1671657
1671658
1671659
1671660
1671661
1671662
1671663
1671664
1671665
1671666
1671667
1671668
1671669
1671670
1671671
1671672
1671673
1671674
1671675
1671676
1671677
1671678
1671679
1671680
1671681
1671682
1671683
1671684
1671685
1671686
1671687
1671688
1671689
1671690
1671691
1671692
1671693
1671694
1671695
1671696
1671697
1671698
1671699
1671700
1671701
1671702
1671703
1671704
1671705
1671706
1671707
1671708
1671709
1671710
1671711
1671722
1671723
1671724
1671725
1671726
1671727
1671728
1671729
1671730
1671731
1671752
1671753
1671754
1671755
1671756
1671757
1671758
1671759
1671760
1671761
1671762
1671763
1671764
1671765
1671886
1671887
1671888
1671889
1671890
1671891
1671892
1671893
1671894
1671895
1671896
1671897
1671898
1671899
1671900
1671901
1671902
1671903
1671904
1671905
1671906
1671907
1671908
1671909
1671910
1671911
1671912
1671913
1671914
1671915
1671916
1671917
1671918
1671919
1671920
1671921
1671922
1671923
1671924
1671925
1671926
1671927
1671928
1671929
1671930
1671931
1671932
1671933
1671934
1671935
1671936
1671937
1671938
1671939
1671940
1671941
1671942
1671943
1671944
1671945
1671946
1671947
1671948
1671949
1671950
1671951
1671952
1671953
1671954
1671955
1671956
1671957
1671958
1671959
1671960
1671961
1671962
1671963
1671964
1671965
1671966
1671967
1671968
1671969
1671970
1671971
1671972
1671973
1671974
1671975
1671976
1671977
1671978
1671979
1671980
1671981
1671982
1671983
1671984
1671985
1671986
1671987
1671988
1671989
1671990
1671991
1671992
1671993
1671994
1671995
1671996
1671997
1671998
1671999
1672000
1672001
1672002
1672003
1672004
1672005
1672006
1672007
1672008
1672009
1672010
1672011
1672012
1672074
1672075
1672076
1672077
1672078
1672079
1672080
1672081
1672082
1672083
1672084
1672085
1672086
1672087
1672088
1672089
1672090
1672091
1672092
1672093
1672094
1672095
1672096
1672097
1672098
1672099
1672100
1672101
1672102
1672103
1672104
1672105
1672106
1672107
1672108
1672109
1672110
1672111
1672112
1672113
1672114
1672115
1672116
1672117
1672118
1672119
1672120
1672121
1672122
1672123
1672124
1672125
1672126
1672127
1672140
1672141
1672142
1672143
1672144
1672145
1672146
1672147
1672148
1672149
1672150
1672151
1672196
1672197
1672198
1672199
1672200
1672201
1672202
1672203
1672204
1672205
1672206
1672207
1672208
1672209
1672210
1672211
1672212
1672213
1672214
1672215
1672216
1672217
1672218
1672219
1672220
1672221
1672222
1672223
1672224
1672225
1672226
1672227
1672228
1672229
1672230
1672231
1672232
1672233
1672234
1672235
1672236
1672237
1672238
1672239
1672240
1672308
1672309
1672310
1672311
1672312
1672313
1672314
1672315
1672316
1672317
1672318
1672319
1672320
1672321
1672322
1672323
1672324
1672325
1672326
1672327
1672328
1672329
1672330
1672331
1672332
1672333
1672334
1672335
1672336
1672337
1672338
1672339
1672340
1672341
1672342
1672343
1672344
1672345
1672346
1672347
1672348
1672349
1672350
1672351
1672352
1672353
1672354
1672355
1672356
1672357
1672358
1672359
1672360
1672361
1672362
1672363
1672364
1672365
1672366
1672367
1672371
1672372
1672386
1672387
1672388
1672389
1672390
1672391
1672392
1672393
1672394
1672395
1672396
1672397
1672398
1672399
1672454
1672455
1672456
1672457
1672458
1672459
1672460
1672461
1672462
1672463
1672464
1672465
1672466
1672467
1672468
1672469
1672470
1672471
1672472
1672473
1672474
1672475
1672476
1672477
1672478
1672479
1672480
1672481
1672482
1672483
1672484
1672485
1672486
1672487
1672488
1672489
1672490
1672491
1672492
1672493
1672494
1672495
1672496
1672497
1672498
1672499
1672500
1672501
1672502
1672503
1672504
1672505
1672525
1672526
1672527
1672528
1672529
1672530
1672531
1672532
1672533
1672534
1672535
1672536
1672537
1672538
1672539
1672540
1672541
1672542
1672543
1672544
1672545
1672557
1672558
1672559
1672560
1672561
1672562
1672563
1672564
1672565
1672566
1672567
1672602
1672603
1672604
1672605
1672720
1672721
1672722
1672723
1672724
1672725
1672726
1672727
1672728
1672729
1672730
1672731
1672732
1672733
1672734
1672735
1672736
1672737
1672738
1672739
1672740
1672741
1672742
1672743
1672744
1672745
1672746
1672747
1672748
1672749
1672750
1672751
1672752
1672753
1672754
1672755
1672756
1672757
1672758
1672759
1672760
1672761
1672762
1672763
1672764
1672765
1672766
1672767
1672768
1672769
1672770
1672771
1672772
1672773
1672774
1672775
1672776
1672777
1672778
1672779
1672780
1672781
1672782
1672783
1672784
1672785
1672786
1672787
1672788
1672789
1672790
1672791
1672792
1672793
1672794
1672795
1672796
1672797
1672798
1672799
1672800
1672801
1672802
1672803
1672804
1672805
1672806
1672807
1672808
1672809
1672810
1672811
1672812
1672813
1672814
1672815
1672816
1672817
1672818
1672819
1672820
1672821
1672822
1672823
1672824
1672825
1672826
1672827
1672828
1672829
1672830
1672831
1672832
1672833
1672834
1672835
1672836
1672837
1672838
1672839
1672840
1672841
1672842
1672843
1672844
1672845
1672846
1672847
1672848
1672849
1672850
1672851
1672852
1672853
1672854
1672855
1672856
1672857
1672858
1672859
1672860
1672861
1672862
1672863
1672864
1672865
1672866
1672867
1672887
1672888
1672889
1672890
1672891
1672892
1672893
1672894
1672895
1672896
1672897
1672898
1672899
1672900
1672901
1672902
1672903
1672904
1672905
1672906
1672907
1672908
1672909
1672910
1672911
1672912
1672913
1672941
1672942
1672943
1672944
1672945
1672946
1672947
1672948
1672949
1672950
1672951
1672952
1672953
1672954
1672955
1672956
1672957
1672958
1672959
1672960
1672961
1672997
1672998
1672999
1673000
1673001
1673002
1673003
1673004
1673005
1673006
1673007
1673008
1673009
1673010
1673011
1673012
1673013
1673014
1673015
1673016
1673017
1673018
1673019
1673020
1673021
1673022
1673023
1673024
1673025
1673026
1673027
1673028
1673029
1673030
1673031
1673061
1673062
1673063
1673064
1673065
1673066
1673067
1673068
1673069
1673070
1673071
1673072
1673073
1673074
1673075
1673076
1673077
1673078
1673079
1673080
1673081
1673082
1673083
1673084
1673085
1673086
1673087
1673088
1673089
1673090
1673091
1673092
1673103
1673104
1673105
1673106
1673107
1673108
1673109
1673113
1673114
1673115
1673116
1673117
1673118
1673119
1673120
1673134
1673135
1673136
1673137
1673138
1673139
1673140
1673141
1673142
1673143
1673144
1673145
1673146
1673147
1673148
1673149
1673180
1673181
1673182
1673183
1673184
1673185
1673186
1673187
1673188
1673189
1673190
1673191
1673192
1673193
1673194
1673195
1673196
1673197
1673198
1673199
1673200
1673201
1673202
1673203
1673204
1673215
1673216
1673217
1673218
1673219
1673220
1673221
1673222
1673223
1673224
1673228
1673229
1673230
1673231
1673248
1673249
1673250
1673251
1673252
1673253
1673254
1673255
1673256
1673257
1673258
1673259
1673260
1673261
1673262
1673263
1673272
1673273
1673274
1673275
1673276
1673277
1673278
1673279
1522627
1522630
1522633
1522635
1522637
1522639
1532156
1532157
1532158
1532159
1532160
1532161
1532162
1532163
1532164
1532165
1532166
1532167
1532168
1532169
1532170
1532171
1532172
1532173
1532174
1532175
1532176
1532177
1532178
1532179
1532180
1532181
1532182
1532183
1532184
1532185
1532186
1532187
1532188
1532189
1532190
1532192
1532193
1532194
1532195
1532196
1532197
1532198
1532199
1532201
1532202
1532203
1532205
1532206
1532207
1532208
1532209
1532210
1532211
1532212
1532213
1532214
1532215
1532216
1532217
1532218
1532219
1532220
1532221
1532222
1532223
1532224
1532225
1532226
1532227
1532228
1532229
1532230
1532231
1532232
1532233
1532234
1532235
1532236
1532237
1532238
1532239
1532240
1532241
1532242
1532243
1532244
1532245
1532246
1532247
1532248
1532249
1532250
1532251
1532252
1532253
1532254
1532255
1532256
1532257
1532258
1532259
1532260
1532261
1532262
1532263
1532264
1532265
1532266
1532267
1532268
1532269
1532270
1532271
1532272
1532273
1532274
1532275
1532276
1532277
1532278
1532279
1532280
1532281
1532282
1532283
1532284
1532285
1532286
1532287
1532288
1532289
1532290
1532291
1532293
1532294
1532295
1532296
1532297
1532298
1532299
1532300
1532301
1532302
1532303
1532304
1532305
1532306
1532307
1532308
1532309
1532310
1532311
1532312
1532313
1532314
1532315
1532316
1532317
1532318
1532319
1532320
1532321
1532322
1532323
1532324
1532325
1532326
1532327
1532328
1532329
1532330
1532331
1532332
1532333
1532334
1532335
1532336
1532337
1532338
1532339
1532340
1532341
1532342
1532343
1532344
1532345
1532346
1532347
1532348
1532349
1532350
1532351
1532352
1532353
1532354
1532355
1532356
1532357
1532358
1532359
1532360
1532361
1532362
1532363
1532364
1532365
1532366
1532367
1532368
1532369
1532370
1532371
1532372
1532373
1532374
1532375
1532376
1532377
1532378
1532379
1532380
1532381
1532382
1532383
1532384
1532385
1532386
1532387
1532388
1532389
1532390
1532391
1532392
1532393
1532394
1532395
1532397
1532398
1532399
1532400
1532401
1532402
1532403
1532404
1532405
1532406
1532407
1532408
1532409
1532410
1532411
1532412
1532413
1532414
1532415
1532416
1532417
1532418
1532419
1532420
1532421
1532422
1532423
1532424
1532425
1532426
1532427
1532428
1532429
1532430
1532431
1532432
1532433
1532434
1532435
1532436
1532437
1532438
1532439
1532440
1532441
1532442
1532443
1532444
1532445
1532446
1532447
1532448
1532449
1532450
1532451
1532452
1532453
1532454
1532455
1532456
1532457
1532458
1532459
1532460
1532461
1532462
1532463
1532464
1532465
1532466
1532467
1532468
1532469
1532470
1532471
1532472
1532473
1532474
1532475
1532476
1532477
1532478
1532479
1532480
1532481
1532482
1532483
1532484
1532485
1532486
1532487
1532488
1532489
1532490
1532491
1532492
1532493
1532494
1532495
1532496
1532497
1532498
1532499
1532500
1532501
1532502
1532503
1532504
1532505
1532506
1532507
1532508
1532509
1532510
1532511
1532512
1532514
1532515
1532516
1532517
1532518
1532519
1532520
1532521
1532522
1532523
1532524
1532525
1532526
1532527
1532528
1532529
1532530
1532531
1532532
1532533
1532534
1532535
1532536
1532537
1532538
1532539
1532540
1532541
1532542
1532543
1532544
1532545
1532546
1532547
1532548
1532549
1532550
1532551
1532552
1532553
1532554
1532555
1532556
1532557
1532558
1532559
1532560
1532561
1532562
1532563
1532564
1532565
1532566
1532567
1532568
1532569
1532570
1532571
1532572
1532573
1532574
1532575
1532576
1532577
1532578
1532579
1532580
1532581
1532582
1532583
1532584
1532585
1532586
1532587
1532588
1532589
1532590
1532591
1532592
1532593
1532594
1532595
1532596
1532597
1532598
1532599
1532600
1532601
1532602
1532603
1532604
1532605
1532606
1532607
1532608
1532609
1532610
1532611
1532612
1532613
1532614
1532615
1532616
1532617
1532618
1532619
1532620
1532621
1532622
1532623
1532624
1532625
1532626
1532627
1532628
1532629
1532630
1532631
1532632
1532633
1532634
1532635
1532636
1532637
1532638
1532639
1532640
1532641
1532642
1532643
1532644
1532645
1532646
1532647
1532648
1532649
1532651
1532652
1532653
1532654
1532655
1532656
1532657
1532658
1532659
1532660
1532661
1532662
1532663
1532664
1532665
1532666
1532667
1532668
1532669
1532670
1532671
1532672
1532673
1532674
1532675
1532676
1532677
1532678
1532679
1532680
1532681
1532682
1532683
1532684
1532685
1532686
1532687
1532688
1532689
1532690
1532691
1532692
1532693
1532694
1532695
1532696
1532697
1532698
1532699
1532700
1532701
1532702
1532703
1532704
1532705
1532706
1532707
1532708
1532709
1532710
1532711
1532712
1532713
1532714
1532715
1532716
1532717
1532718
1532719
1532720
1532721
1532722
1532723
1532724
1532725
1532726
1532727
1532728
1532729
1532730
1532731
1532732
1532733
1532734
1532735
1532736
1532737
1532738
1532739
1532740
1532741
1532742
1532743
1532744
1532745
1532746
1532747
1532748
1532749
1532750
1532751
1532752
1532753
1532756
1532757
1532758
1532759
1532760
1532761
1532762
1532764
1532765
1532768
1532769
1532770
1532771
1532772
1532773
1532774
1532775
1532776
1532777
1532778
1532779
1532780
1532781
1532782
1532783
1532784
1532785
1532786
1532787
1532788
1532789
1532790
1532791
1532792
1532793
1532794
1532795
1532796
1532797
1532798
1532799
1532800
1532801
1532802
1532803
1532804
1532805
1532806
1532807
1532808
1532809
1532810
1532811
1532812
1532813
1532814
1532815
1532816
1532817
1532818
1532819
1532820
1532821
1532822
1532823
1532824
1532825
1532826
1532827
1532828
1532829
1532830
1532831
1532832
1532833
1532834
1532835
1532836
1532837
1532838
1532839
1532840
1532841
1532842
1532845
1532846
1532847
1532848
1532849
1532850
1532851
1532852
1532853
1532854
1532855
1532856
1532857
1532859
1532861
1532862
1532863
1532864
1532865
1532866
1532867
1532868
1532869
1532870
1532871
1532872
1532873
1532874
1532875
1532876
1532877
1532878
1532879
1532880
1532881
1532882
1532883
1532884
1532885
1532886
1532887
1532888
1532889
1532890
1532891
1532892
1532893
1532895
1532896
1532897
1532898
1532899
1532900
1532901
1532902
1532903
1538213
1538216
1538217
1538219
1538228
1538231
1538232
1538238
1545751
1545761
1545767
1545768
1545782
1545788
1545799
1545805
1545806
1545815
1545819
1545830
)


// ************************************************************************* //
